1,4635345.312,9582071.340,-0.11
2,4635337.626,9582071.266,-0.07
3,4635329.718,9582071.442,-0.07
4,4635323.731,9582070.989,-0.14
5,4635320.233,9582071.217,-0.07
6,4635316.680,9582074.532,-0.17
7,4635320.781,9582076.261,-0.17
8,4635328.464,9582074.078,-0.20
9,4635336.358,9582071.722,-0.32
10,4635343.849,9582068.349,-0.23
11,4635350.080,9582064.748,-0.17
12,4635355.052,9582062.961,-0.04
13,4635359.405,9582063.113,-0.07
14,4635364.194,9582063.324,-0.07
15,4635367.608,9582062.263,-0.20
16,4635371.811,9582063.127,-0.07
17,4635376.295,9582065.960,-0.20
18,4635379.656,9582068.382,-0.07
19,4635382.253,9582068.257,-0.11
20,4635384.123,9582065.348,-0.11
21,4635382.037,9582066.322,-0.01
22,4635379.103,9582069.168,-0.23
23,4635376.682,9582071.377,-0.14
24,4635373.230,9582073.461,-0.07
25,4635369.878,9582075.578,-0.11
26,4635366.669,9582078.224,-0.07
27,4635363.406,9582078.863,-0.17
28,4635361.137,9582080.591,-0.17
29,4635361.442,9582084.583,-0.29
30,4635365.669,9582085.185,-0.20
31,4635370.386,9582083.127,-0.14
32,4635375.000,9582079.542,-0.11
33,4635381.047,9582075.136,-0.14
34,4635385.822,9582070.680,-0.07
35,4635388.836,9582066.400,-0.04
36,4635392.240,9582060.836,-0.17
37,4635395.420,9582054.932,0.02
38,4635398.550,9582050.448,0.05
39,4635400.156,9582046.106,-0.04
40,4635399.707,9582042.421,-0.07
41,4635401.391,9582039.221,-0.04
42,4635403.757,9582035.836,0.08
43,4635403.249,9582029.727,0.02
44,4635402.222,9582021.808,0.05
45,4635403.941,9582014.647,-0.04
46,4635406.466,9582007.369,0.14
47,4635410.828,9582001.396,0.20
48,4635419.042,9581997.978,0.23
49,4635426.766,9581994.264,0.26
50,4635432.485,9581990.595,0.26
51,4635438.721,9581988.385,0.38
52,4635446.434,9581984.753,0.35
53,4635453.886,9581980.547,0.41
54,4635458.499,9581974.861,0.44
55,4635463.062,9581968.774,0.50
56,4635469.446,9581965.505,0.63
57,4635474.288,9581962.733,0.66
58,4635478.331,9581959.928,0.66
59,4635484.474,9581958.946,0.69
60,4635490.844,9581957.461,0.72
61,4635496.660,9581956.677,0.78
62,4635500.223,9581955.357,0.93
63,4635502.046,9581951.228,1.05
64,4635500.867,9581953.822,1.30
65,4635496.558,9581959.791,1.51
66,4635490.511,9581965.823,1.60
67,4635482.586,9581969.440,1.39
68,4635474.859,9581971.967,1.02
69,4635467.413,9581974.379,0.90
70,4635460.122,9581978.635,0.81
71,4635453.753,9581984.134,0.75
72,4635447.207,9581989.663,0.69
73,4635441.043,9581996.837,0.66
74,4635433.469,9582003.018,0.53
75,4635424.491,9582008.134,0.53
76,4635415.600,9582011.363,0.41
77,4635407.566,9582014.469,0.41
78,4635399.699,9582019.805,0.29
79,4635391.242,9582024.435,0.32
80,4635381.865,9582028.710,0.26
81,4635372.161,9582033.463,0.08
82,4635364.754,9582038.105,0.11
83,4635357.025,9582042.692,0.08
84,4635347.568,9582047.167,-0.04
85,4635339.986,9582053.060,-0.07
86,4635332.507,9582059.210,-0.11
87,4635323.397,9582063.627,-0.07
88,4635315.689,9582069.350,-0.23
89,4635307.959,9582075.273,-0.20
90,4635300.300,9582079.998,-0.14
91,4635292.763,9582084.920,-0.41
92,4635283.785,9582089.772,-0.32
93,4635276.475,9582094.447,-0.20
94,4635268.918,9582099.800,-0.41
95,4635258.967,9582105.498,-0.26
96,4635251.203,9582110.442,-0.32
97,4635243.948,9582115.408,-0.41
98,4635234.794,9582119.090,-0.50
99,4635225.695,9582122.074,-0.38
100,4635217.564,9582126.466,-0.53
101,4635209.830,9582132.672,-0.47
102,4635202.783,9582138.701,-0.50
103,4635195.162,9582143.268,-0.56
104,4635185.690,9582147.825,-0.56
105,4635177.980,9582152.298,-0.56
106,4635170.116,9582157.222,-0.50
107,4635161.184,9582162.213,-0.56
108,4635152.348,9582166.754,-0.62
109,4635144.560,9582171.125,-0.56
110,4635136.557,9582175.994,-0.65
111,4635127.522,9582180.687,-0.78
112,4635119.937,9582185.004,-0.62
113,4635111.818,9582189.682,-0.75
114,4635102.606,9582194.775,-0.68
115,4635093.977,9582199.663,-0.62
116,4635086.608,9582203.871,-0.59
117,4635078.494,9582209.549,-0.68
118,4635069.060,9582215.728,-0.65
119,4635059.957,9582218.971,-0.75
120,4635052.190,9582223.509,-0.62
121,4635044.636,9582229.782,-0.65
122,4635035.730,9582234.447,-0.71
123,4635026.474,9582239.013,-0.62
124,4635018.758,9582243.464,-0.65
125,4635012.543,9582248.149,-0.68
126,4635006.525,9582252.963,-0.84
127,4635000.588,9582257.485,-0.93
128,4634994.558,9582263.594,-0.87
129,4634986.955,9582268.404,-0.68
130,4634977.609,9582271.725,-0.75
131,4634969.943,9582276.394,-0.56
132,4634962.037,9582279.741,-0.65
133,4634952.558,9582283.323,-0.53
134,4634943.642,9582288.299,-0.62
135,4634934.741,9582292.558,-0.62
136,4634926.569,9582296.836,-0.53
137,4634918.689,9582303.018,-0.59
138,4634909.864,9582308.758,-0.56
139,4634902.018,9582313.349,-0.68
140,4634894.263,9582317.923,-0.65
141,4634884.993,9582323.734,-0.68
142,4634875.843,9582329.913,-0.50
143,4634868.670,9582334.895,-0.59
144,4634861.150,9582338.420,-0.65
145,4634851.812,9582341.776,-0.56
146,4634842.505,9582346.078,-0.44
147,4634834.478,9582350.759,-0.59
148,4634827.071,9582356.619,-0.56
149,4634819.465,9582362.382,-0.53
150,4634811.817,9582368.561,-0.65
151,4634804.639,9582374.104,-0.59
152,4634796.622,9582380.074,-0.71
153,4634787.598,9582386.502,-0.71
154,4634778.752,9582389.630,-0.59
155,4634770.564,9582392.603,-0.65
156,4634762.608,9582398.466,-0.59
157,4634755.169,9582404.876,-0.65
158,4634748.203,9582409.997,-0.56
159,4634739.350,9582414.329,-0.62
160,4634731.303,9582418.793,-0.71
161,4634723.387,9582423.501,-0.41
162,4634713.942,9582426.927,-0.71
163,4634706.244,9582430.387,-0.62
164,4634698.701,9582435.040,-0.59
165,4634689.386,9582439.952,-0.41
166,4634682.168,9582444.600,-0.59
167,4634674.365,9582448.792,-0.65
168,4634666.336,9582454.973,-0.53
169,4634659.254,9582460.869,-0.59
170,4634651.435,9582465.255,-0.53
171,4634643.407,9582469.849,-0.50
172,4634635.891,9582475.759,-0.47
173,4634628.408,9582481.791,-0.59
174,4634619.179,9582486.514,-0.62
175,4634611.459,9582489.851,-0.53
176,4634603.588,9582493.642,-0.53
177,4634594.622,9582497.172,-0.59
178,4634586.965,9582500.227,-0.56
179,4634578.940,9582505.115,-0.59
180,4634571.558,9582509.506,-0.71
181,4634565.211,9582514.092,-0.62
182,4634558.844,9582517.755,-0.65
183,4634554.672,9582521.006,-0.78
184,4634549.679,9582524.419,-0.62
185,4634543.853,9582526.056,-0.65
186,4634543.875,9582529.567,-0.62
187,4634547.185,9582533.951,-0.59
188,4634550.574,9582538.235,-0.59
189,4634551.869,9582542.783,-0.56
190,4634553.062,9582548.856,-0.53
191,4634556.627,9582554.637,-0.47
192,4634560.360,9582558.960,-0.44
193,4634561.648,9582563.531,-0.41
194,4634562.692,9582568.287,-0.38
195,4634566.012,9582571.546,-0.35
196,4634569.080,9582574.680,-0.29
197,4634571.346,9582578.497,-0.32
198,4634574.533,9582579.991,-0.35
199,4634578.060,9582581.234,-0.38
200,4634580.998,9582583.203,-0.41
201,4634584.101,9582582.118,-0.44
202,4634587.238,9582580.041,-0.50
203,4634591.451,9582579.938,-0.50
204,4634595.947,9582580.537,-0.53
205,4634599.201,9582579.252,-0.53
206,4634602.158,9582578.424,-0.59
207,4634605.269,9582577.951,-0.59
208,4634602.380,9582574.092,-0.56
209,4634595.988,9582570.756,-0.53
210,4634589.614,9582569.022,-0.56
211,4634584.852,9582565.638,-0.59
212,4634581.773,9582560.857,-0.59
213,4634579.005,9582557.195,-0.56
214,4634574.567,9582556.561,-0.56
215,4634570.533,9582555.068,-0.59
216,4634567.053,9582553.348,-0.62
217,4634564.530,9582556.832,-0.56
218,4634563.821,9582561.722,-0.59
219,4634566.507,9582563.779,-0.50
220,4634571.224,9582561.190,-0.50
221,4634573.668,9582555.607,-0.41
222,4634572.270,9582549.779,-0.47
223,4634569.002,9582545.138,-0.50
224,4634565.670,9582540.743,-0.59
225,4634562.551,9582536.411,-0.62
226,4634559.724,9582530.895,-0.62
227,4634557.699,9582525.571,-0.62
228,4634552.962,9582523.638,-0.62
229,4634546.697,9582525.989,-0.59
230,4634540.740,9582529.341,-0.62
231,4634536.951,9582532.046,-0.59
232,4634538.375,9582536.129,-0.59
233,4634540.830,9582541.725,-0.41
234,4634543.458,9582547.694,-0.07
235,4634546.128,9582551.857,-0.04
236,4634552.310,9582552.570,-0.11
237,4634558.749,9582549.721,-0.11
238,4634563.583,9582544.534,-0.23
239,4634569.287,9582540.489,-0.38
240,4634575.033,9582538.204,-0.50
241,4634581.085,9582534.912,-0.59
242,4634587.545,9582531.664,-0.59
243,4634594.252,9582528.768,-0.62
244,4634597.333,9582523.238,-0.62
245,4634598.411,9582516.831,-0.68
246,4634602.764,9582512.110,-0.68
247,4634609.254,9582508.630,-0.78
248,4634615.357,9582505.040,-0.62
249,4634621.199,9582500.709,-0.62
250,4634627.739,9582495.873,-0.65
251,4634633.503,9582490.980,-0.56
252,4634639.617,9582487.496,-0.65
253,4634646.052,9582485.337,-0.59
254,4634653.801,9582481.591,-0.50
255,4634661.105,9582477.721,-0.53
256,4634666.657,9582474.250,-0.62
257,4634672.905,9582470.727,-0.50
258,4634680.701,9582467.290,-0.59
259,4634688.474,9582463.533,-0.50
260,4634696.102,9582461.234,-0.65
261,4634705.455,9582458.733,-0.65
262,4634711.339,9582456.293,-0.71
263,4634716.133,9582455.526,-0.53
264,4634721.143,9582454.321,-0.50
265,4634725.367,9582451.515,-0.56
266,4634729.929,9582450.710,-0.65
267,4634735.001,9582450.009,-0.56
268,4634741.226,9582446.211,-0.59
269,4634745.132,9582442.300,-0.87
270,4634748.339,9582441.369,-0.71
271,4634751.760,9582440.758,-0.62
272,4634756.334,9582436.233,-0.78
273,4634762.500,9582429.822,-0.62
274,4634769.634,9582424.949,-0.47
275,4634777.177,9582420.870,-0.68
276,4634783.750,9582415.271,-0.44
277,4634791.581,9582408.169,-0.59
278,4634799.202,9582402.558,-0.59
279,4634805.364,9582396.710,-0.59
280,4634813.031,9582390.464,-0.68
281,4634821.898,9582385.421,-0.59
282,4634828.974,9582380.832,-0.62
283,4634835.190,9582376.780,-0.71
284,4634841.890,9582371.014,-0.47
285,4634849.648,9582365.017,-0.59
286,4634857.200,9582360.167,-0.56
287,4634864.824,9582356.561,-0.68
288,4634872.405,9582353.199,-0.44
289,4634880.015,9582348.147,-0.53
290,4634888.835,9582343.399,-0.50
291,4634896.320,9582338.843,-0.62
292,4634904.184,9582334.459,-0.44
293,4634912.208,9582329.879,-0.50
294,4634919.857,9582324.629,-0.71
295,4634928.490,9582320.214,-0.59
296,4634936.658,9582316.990,-0.59
297,4634944.635,9582313.288,-0.56
298,4634951.840,9582308.642,-0.68
299,4634959.567,9582303.973,-0.65
300,4634968.886,9582299.324,-0.41
301,4634976.453,9582294.682,-0.65
302,4634984.126,9582289.889,-0.47
303,4634991.591,9582285.088,-0.62
304,4634999.125,9582280.631,-0.56
305,4635007.102,9582276.189,-0.59
306,4635014.970,9582271.180,-0.84
307,4635022.194,9582266.747,-0.53
308,4635030.065,9582261.300,-0.65
309,4635038.137,9582255.269,-0.68
310,4635045.611,9582250.425,-0.62
311,4635054.743,9582245.887,-0.62
312,4635062.509,9582241.463,-0.93
313,4635068.704,9582236.514,-0.65
314,4635076.117,9582231.716,-0.75
315,4635085.345,9582227.393,-0.75
316,4635093.348,9582222.746,-0.65
317,4635100.963,9582217.836,-0.68
318,4635109.943,9582212.938,-0.78
319,4635117.154,9582208.043,-0.62
320,4635124.614,9582203.738,-0.56
321,4635132.857,9582199.545,-0.68
322,4635139.085,9582193.254,-0.59
323,4635146.462,9582188.655,-0.65
324,4635156.137,9582185.594,-0.62
325,4635163.914,9582179.629,-0.81
326,4635169.461,9582173.204,-0.59
327,4635176.902,9582169.513,-0.62
328,4635186.063,9582166.373,-0.56
329,4635193.980,9582161.960,-0.84
330,4635201.770,9582156.192,-0.68
331,4635209.399,9582150.070,-0.56
332,4635216.812,9582145.301,-0.56
333,4635224.578,9582141.856,-0.56
334,4635232.311,9582138.186,-0.56
335,4635241.281,9582133.683,-0.53
336,4635250.744,9582129.063,-0.50
337,4635258.555,9582125.504,-0.44
338,4635266.239,9582122.444,-0.44
339,4635274.306,9582117.864,-0.65
340,4635281.997,9582112.909,-0.68
341,4635290.930,9582108.134,-0.56
342,4635298.324,9582103.332,-0.50
343,4635305.793,9582098.504,-0.35
344,4635313.227,9582093.703,-0.35
345,4635320.761,9582089.227,-0.26
346,4635328.724,9582084.848,-0.35
347,4635336.710,9582079.991,-0.20
348,4635343.837,9582073.881,-0.17
349,4635351.150,9582068.276,-0.14
350,4635359.290,9582063.650,-0.26
351,4635366.952,9582058.866,-0.17
352,4635376.182,9582054.581,-0.07
353,4635384.214,9582049.812,0.02
354,4635391.686,9582045.053,0.05
355,4635399.206,9582040.227,0.02
356,4635406.596,9582034.969,0.02
357,4635415.446,9582031.787,0.14
358,4635425.167,9582028.693,0.14
359,4635433.039,9582023.809,0.20
360,4635440.374,9582018.988,0.35
361,4635449.583,9582014.680,0.38
362,4635457.639,9582010.119,0.44
363,4635465.621,9582006.550,0.50
364,4635474.886,9582003.305,0.57
365,4635484.261,9581998.462,0.69
366,4635491.505,9581993.467,0.75
367,4635497.019,9581988.836,0.75
368,4635503.230,9581984.202,0.87
369,4635509.337,9581978.932,0.90
370,4635516.283,9581976.756,1.05
371,4635521.634,9581981.433,1.02
372,4635524.414,9581988.926,1.11
373,4635521.906,9581994.917,1.33
374,4635517.211,9581999.886,1.33
375,4635511.105,9582003.513,1.24
376,4635503.390,9582006.665,1.17
377,4635495.463,9582011.424,1.08
378,4635486.243,9582015.886,1.02
379,4635476.767,9582020.604,0.99
380,4635469.328,9582025.386,0.90
381,4635461.842,9582030.372,0.78
382,4635452.767,9582034.106,0.72
383,4635443.930,9582038.418,0.66
384,4635436.104,9582044.380,0.60
385,4635428.686,9582050.166,0.50
386,4635419.265,9582055.703,0.47
387,4635411.172,9582060.215,0.41
388,4635403.583,9582066.286,0.35
389,4635394.633,9582072.521,0.20
390,4635385.571,9582075.938,0.20
391,4635376.186,9582079.293,0.17
392,4635366.941,9582084.058,-0.04
393,4635359.331,9582087.681,-0.07
394,4635351.832,9582091.431,-0.07
395,4635342.943,9582095.860,-0.07
396,4635333.526,9582101.454,-0.04
397,4635325.763,9582107.463,-0.23
398,4635318.366,9582113.068,-0.07
399,4635310.526,9582119.560,-0.14
400,4635303.834,9582125.308,-0.11
401,4635296.092,9582131.562,-0.26
402,4635287.372,9582137.458,-0.26
403,4635279.918,9582143.132,-0.35
404,4635272.086,9582149.028,-0.50
405,4635262.698,9582153.619,-0.50
406,4635253.390,9582158.314,-0.59
407,4635244.206,9582163.090,-0.68
408,4635234.932,9582166.461,-0.75
409,4635227.352,9582171.071,-0.65
410,4635219.873,9582177.282,-0.65
411,4635210.943,9582182.350,-0.62
412,4635202.206,9582186.930,-0.59
413,4635192.770,9582191.101,-0.59
414,4635184.771,9582196.944,-0.78
415,4635177.202,9582202.769,-0.59
416,4635167.706,9582207.379,-0.59
417,4635158.451,9582212.186,-0.68
418,4635151.063,9582216.675,-0.65
419,4635143.363,9582222.612,-0.56
420,4635134.209,9582228.440,-0.62
421,4635126.537,9582233.204,-0.62
422,4635119.031,9582238.034,-0.59
423,4635109.893,9582242.663,-0.81
424,4635100.597,9582247.372,-0.53
425,4635091.228,9582250.686,-0.59
426,4635083.436,9582254.496,-0.56
427,4635076.168,9582258.269,-0.62
428,4635067.117,9582261.548,-0.75
429,4635059.369,9582266.000,-0.68
430,4635051.262,9582269.629,-0.71
431,4635042.320,9582274.457,-0.81
432,4635033.389,9582279.761,-0.56
433,4635025.163,9582285.556,-0.53
434,4635017.572,9582291.478,-0.68
435,4635010.054,9582297.121,-0.53
436,4635002.191,9582303.049,-0.59
437,4634992.850,9582307.614,-0.68
438,4634983.684,9582313.546,-0.62
439,4634976.387,9582319.658,-0.53
440,4634968.908,9582324.278,-0.59
441,4634959.462,9582328.623,-0.53
442,4634951.521,9582333.389,-0.62
443,4634944.083,9582338.454,-0.53
444,4634935.249,9582343.098,-0.65
445,4634927.608,9582347.557,-0.59
446,4634921.142,9582351.123,-0.56
447,4634914.903,9582353.555,-0.44
448,4634910.618,9582356.062,-0.71
449,4634906.119,9582358.138,-0.50
450,4634899.732,9582361.692,-0.53
451,4634892.031,9582365.494,-0.50
452,4634883.022,9582368.614,-0.44
453,4634875.044,9582372.995,-0.59
454,4634868.955,9582378.839,-0.59
455,4634862.994,9582384.888,-0.50
456,4634858.600,9582388.564,-0.47
457,4634852.418,9582391.801,-0.68
458,4634844.441,9582396.264,-0.56
459,4634836.614,9582401.369,-0.56
460,4634827.882,9582406.262,-0.59
461,4634820.290,9582409.184,-0.50
462,4634812.054,9582413.844,-0.44
463,4634802.932,9582419.643,-0.56
464,4634795.209,9582424.346,-0.68
465,4634787.648,9582429.249,-0.56
466,4634780.302,9582433.945,-0.78
467,4634772.672,9582438.740,-0.41
468,4634763.486,9582443.312,-0.44
469,4634754.085,9582447.600,-0.59
470,4634746.083,9582452.472,-0.59
471,4634738.787,9582457.535,-0.41
472,4634729.863,9582461.700,-0.47
473,4634721.764,9582467.307,-0.47
474,4634715.704,9582473.495,-0.68
475,4634708.228,9582478.273,-0.78
476,4634699.001,9582482.731,-0.62
477,4634691.187,9582487.452,-0.44
478,4634683.600,9582492.045,-0.68
479,4634676.019,9582497.770,-0.68
480,4634668.277,9582503.685,-0.47
481,4634660.567,9582508.189,-0.62
482,4634652.703,9582512.920,-0.56
483,4634645.348,9582518.919,-0.56
484,4634639.720,9582524.803,-0.53
485,4634631.969,9582530.639,-0.62
486,4634624.377,9582536.451,-0.50
487,4634616.564,9582541.236,-0.53
488,4634609.101,9582546.050,-0.56
489,4634601.563,9582550.383,-0.65
490,4634593.424,9582554.860,-0.59
491,4634587.254,9582559.500,-0.59
492,4634581.370,9582565.366,-0.62
493,4634575.182,9582570.329,-0.59
494,4634568.997,9582572.585,-0.59
495,4634564.307,9582575.291,-0.53
496,4634561.984,9582580.650,-0.44
497,4634562.295,9582585.637,-0.32
498,4634566.548,9582587.455,-0.23
499,4634572.719,9582585.511,-0.14
500,4634578.904,9582580.899,-0.14
501,4634585.309,9582577.446,-0.26
502,4634593.102,9582573.629,-0.41
503,4634600.146,9582568.845,-0.47
504,4634607.735,9582564.279,-0.50
505,4634615.741,9582560.851,-0.50
506,4634621.796,9582557.267,-0.56
507,4634629.293,9582552.484,-0.56
508,4634635.426,9582549.319,-0.59
509,4634638.357,9582545.893,-0.68
510,4634643.050,9582541.103,-0.62
511,4634649.136,9582536.314,-0.71
512,4634655.297,9582532.794,-0.65
513,4634661.368,9582529.033,-0.59
514,4634668.903,9582525.652,-0.56
515,4634676.846,9582522.690,-0.50
516,4634683.283,9582517.880,-0.50
517,4634689.087,9582512.988,-0.56
518,4634694.938,9582508.511,-0.53
519,4634701.272,9582503.632,-0.59
520,4634707.304,9582499.996,-0.65
521,4634713.561,9582497.896,-0.47
522,4634719.753,9582494.377,-0.53
523,4634725.849,9582490.841,-0.71
524,4634731.945,9582487.349,-0.59
525,4634738.116,9582483.817,-0.62
526,4634744.470,9582481.632,-0.78
527,4634750.359,9582477.138,-0.71
528,4634756.475,9582471.226,-0.59
529,4634760.985,9582467.319,-0.84
530,4634765.344,9582465.067,-0.68
531,4634769.854,9582461.865,-0.71
532,4634774.860,9582458.512,-0.71
533,4634779.534,9582454.914,-0.65
534,4634783.848,9582450.764,-0.65
535,4634789.724,9582448.537,-0.65
536,4634796.165,9582446.975,-0.50
537,4634802.989,9582443.272,-0.68
538,4634808.492,9582438.388,-0.47
539,4634814.362,9582433.738,-0.56
540,4634820.722,9582430.154,-0.71
541,4634826.770,9582426.902,-0.56
542,4634832.982,9582422.123,-0.71
543,4634839.159,9582418.669,-0.62
544,4634845.350,9582415.184,-0.71
545,4634851.495,9582411.368,-0.47
546,4634859.166,9582409.058,-0.59
547,4634866.938,9582406.766,-0.68
548,4634873.121,9582404.802,-0.75
549,4634879.491,9582401.291,-0.62
550,4634885.273,9582396.271,-0.68
551,4634892.646,9582391.573,-0.65
552,4634900.322,9582387.112,-0.65
553,4634908.250,9582382.424,-0.75
554,4634916.010,9582378.551,-0.65
555,4634923.268,9582375.248,-0.44
556,4634932.749,9582370.833,-0.59
557,4634940.806,9582367.236,-0.65
558,4634948.367,9582363.821,-0.65
559,4634955.758,9582357.851,-0.47
560,4634963.165,9582351.815,-0.44
561,4634970.782,9582347.519,-0.47
562,4634978.926,9582342.852,-0.50
563,4634986.496,9582337.912,-0.56
564,4634993.857,9582333.508,-0.47
565,4635003.551,9582328.877,-0.53
566,4635011.311,9582325.309,-0.50
567,4635017.257,9582321.923,-0.50
568,4635023.094,9582315.948,-0.65
569,4635028.921,9582309.988,-0.62
570,4635035.279,9582306.519,-0.44
571,4635043.072,9582302.810,-0.62
572,4635050.251,9582297.972,-0.53
573,4635056.302,9582294.632,-0.56
574,4635064.371,9582291.440,-0.68
575,4635072.273,9582287.008,-0.59
576,4635078.473,9582282.195,-0.71
577,4635086.071,9582277.504,-0.56
578,4635093.648,9582272.472,-0.78
579,4635101.058,9582268.926,-0.75
580,4635108.864,9582266.256,-0.59
581,4635115.484,9582260.247,-0.81
582,4635121.349,9582255.161,-0.56
583,4635128.867,9582251.823,-0.68
584,4635136.536,9582246.932,-0.68
585,4635143.895,9582242.267,-0.75
586,4635151.621,9582237.851,-0.62
587,4635159.578,9582233.064,-0.78
588,4635166.980,9582227.904,-0.71
589,4635174.285,9582224.656,-0.59
590,4635182.349,9582221.350,-0.59
591,4635189.968,9582216.102,-0.59
592,4635198.571,9582211.590,-0.62
593,4635206.420,9582207.266,-0.59
594,4635214.513,9582202.624,-0.56
595,4635222.192,9582198.098,-0.50
596,4635228.336,9582193.561,-0.62
597,4635234.610,9582188.992,-0.65
598,4635242.454,9582183.904,-0.68
599,4635251.196,9582179.087,-0.68
600,4635258.596,9582174.562,-0.65
601,4635266.391,9582169.452,-0.71
602,4635275.164,9582164.979,-0.84
603,4635283.062,9582160.710,-0.90
604,4635291.202,9582155.951,-0.93
605,4635298.687,9582151.224,-0.90
606,4635306.305,9582146.713,-0.78
607,4635313.996,9582141.006,-0.65
608,4635321.761,9582135.155,-0.62
609,4635329.516,9582130.408,-0.62
610,4635336.899,9582124.817,-0.41
611,4635344.847,9582118.909,-0.23
612,4635350.720,9582113.887,-0.11
613,4635358.126,9582109.390,-0.07
614,4635367.708,9582104.870,-0.04
615,4635375.431,9582100.230,0.02
616,4635383.074,9582095.297,0.05
617,4635392.057,9582090.456,0.02
618,4635401.271,9582087.038,-0.11
619,4635409.045,9582083.890,-0.07
620,4635417.011,9582079.383,-0.07
621,4635426.492,9582074.532,0.14
622,4635433.742,9582069.657,0.20
623,4635440.899,9582063.508,0.23
624,4635449.831,9582057.749,0.32
625,4635457.661,9582053.263,0.38
626,4635465.571,9582048.776,0.44
627,4635473.481,9582044.305,0.47
628,4635479.574,9582039.228,0.53
629,4635486.874,9582034.744,0.63
630,4635494.854,9582030.393,0.63
631,4635501.164,9582025.613,0.69
632,4635508.779,9582020.769,0.78
633,4635516.507,9582016.595,0.90
634,4635522.327,9582015.743,1.05
635,4635524.971,9582020.882,1.05
636,4635522.114,9582026.276,1.14
637,4635514.351,9582028.824,1.30
638,4635506.872,9582031.041,1.30
639,4635500.605,9582033.107,1.21
640,4635494.518,9582037.665,1.05
641,4635490.138,9582043.050,0.96
642,4635486.942,9582048.865,0.84
643,4635482.095,9582053.772,0.69
644,4635475.996,9582057.575,0.69
645,4635470.322,9582061.770,0.90
646,4635463.001,9582063.532,1.39
647,4635454.683,9582066.499,0.99
648,4635446.821,9582072.902,0.78
649,4635438.079,9582077.784,0.44
650,4635428.700,9582079.770,0.41
651,4635420.743,9582082.864,0.44
652,4635416.022,9582086.973,0.57
653,4635409.967,9582088.593,0.53
654,4635402.645,9582089.746,0.23
655,4635396.195,9582090.938,0.11
656,4635388.070,9582089.556,-0.01
657,4635380.249,9582089.342,-0.01
658,4635375.700,9582090.712,-0.17
659,4635371.329,9582092.122,-0.20
660,4635366.957,9582093.237,-0.20
661,4635363.884,9582093.968,-0.11
662,4635360.768,9582096.587,-0.07
663,4635357.582,9582098.557,-0.07
664,4635354.865,9582098.122,-0.04
665,4635350.058,9582099.116,-0.07
666,4635343.431,9582099.777,-0.04
667,4635340.525,9582103.908,-0.11
668,4635340.581,9582111.506,-0.14
669,4635340.452,9582119.815,-0.14
670,4635337.863,9582127.653,-0.07
671,4635330.318,9582131.394,-0.11
672,4635322.845,9582134.498,-0.07
673,4635316.675,9582139.903,-0.20
674,4635310.112,9582145.953,-0.20
675,4635302.555,9582150.952,-0.32
676,4635295.251,9582155.255,-0.56
677,4635288.910,9582160.875,-0.35
678,4635283.985,9582166.230,-0.68
679,4635282.117,9582172.737,-0.71
680,4635283.653,9582181.139,-0.93
681,4635285.091,9582189.071,-1.11
682,4635279.431,9582195.052,-1.23
683,4635269.725,9582198.236,-1.20
684,4635261.698,9582201.529,-1.08
685,4635254.007,9582206.469,-0.93
686,4635245.042,9582211.244,-0.87
687,4635237.383,9582214.549,-0.78
688,4635231.172,9582218.322,-0.75
689,4635227.099,9582221.657,-0.78
690,4635225.915,9582223.911,-0.75
691,4635224.005,9582225.834,-0.75
692,4635221.356,9582227.537,-0.65
693,4635222.228,9582229.599,-0.75
694,4635220.561,9582230.408,-0.65
695,4635218.351,9582232.322,-0.65
696,4635218.968,9582233.514,-0.65
697,4635218.840,9582234.508,-0.65
698,4635219.098,9582236.250,-0.62
699,4635217.387,9582237.508,-0.65
700,4635214.856,9582237.950,-0.65
701,4635217.712,9582241.835,-0.75
702,4635214.855,9582247.820,-0.65
703,4635208.068,9582252.950,-0.71
704,4635205.422,9582259.697,-0.62
705,4635209.375,9582265.932,-0.65
706,4635218.338,9582266.751,-0.65
707,4635226.173,9582261.239,-0.56
708,4635232.453,9582255.387,-0.50
709,4635240.365,9582250.743,-0.59
710,4635248.217,9582246.316,-0.53
711,4635251.279,9582242.203,-0.62
712,4635251.103,9582239.975,-0.68
713,4635251.562,9582239.064,-0.84
714,4635252.196,9582238.077,-0.71
715,4635253.489,9582237.122,-0.78
716,4635253.164,9582235.983,-0.71
717,4635251.495,9582237.233,-0.71
718,4635250.125,9582238.405,-0.71
719,4635248.470,9582239.464,-0.75
720,4635246.786,9582241.157,-0.71
721,4635245.124,9582240.548,-0.71
722,4635243.889,9582241.849,-0.68
723,4635242.384,9582243.881,-0.71
724,4635238.801,9582244.495,-0.71
725,4635240.969,9582242.847,-0.71
726,4635239.083,9582244.244,-0.84
727,4635238.072,9582246.758,-0.75
728,4635236.750,9582245.589,-0.81
729,4635234.060,9582245.688,-0.84
730,4635234.723,9582248.730,-0.78
731,4635233.504,9582248.204,-0.75
732,4635231.824,9582249.466,-0.75
733,4635227.768,9582249.753,-0.68
734,4635220.164,9582247.028,-0.71
735,4635218.024,9582240.601,-0.68
736,4635222.633,9582234.930,-0.59
737,4635230.092,9582233.854,-0.56
738,4635237.984,9582233.008,-0.71
739,4635245.923,9582230.878,-0.59
740,4635253.681,9582227.438,-0.75
741,4635259.747,9582223.885,-0.65
742,4635265.839,9582220.519,-0.71
743,4635270.471,9582217.316,-0.78
744,4635275.160,9582212.581,-0.75
745,4635281.086,9582206.554,-0.71
746,4635287.065,9582201.822,-0.84
747,4635293.395,9582198.600,-0.87
748,4635299.119,9582194.781,-0.96
749,4635298.707,9582190.525,-0.96
750,4635292.573,9582190.170,-0.96
751,4635284.803,9582192.328,-0.99
752,4635275.452,9582195.971,-1.08
753,4635266.426,9582199.835,-1.08
754,4635257.626,9582203.521,-0.99
755,4635248.517,9582206.548,-0.93
756,4635238.851,9582211.347,-0.84
757,4635229.865,9582216.246,-0.78
758,4635222.541,9582220.496,-0.78
759,4635214.493,9582226.255,-0.68
760,4635205.150,9582232.253,-0.62
761,4635195.966,9582236.549,-0.65
762,4635188.082,9582242.159,-0.78
763,4635180.240,9582248.276,-0.53
764,4635171.183,9582253.243,-0.68
765,4635162.143,9582256.590,-0.56
766,4635154.507,9582261.107,-0.62
767,4635146.865,9582267.071,-0.56
768,4635137.588,9582271.885,-0.59
769,4635128.591,9582276.759,-0.59
770,4635119.614,9582281.341,-0.75
771,4635111.924,9582285.910,-0.68
772,4635104.152,9582290.663,-0.59
773,4635094.937,9582295.263,-0.65
774,4635085.812,9582301.137,-0.71
775,4635076.715,9582307.178,-0.59
776,4635069.240,9582311.490,-0.59
777,4635061.073,9582315.991,-0.68
778,4635051.581,9582320.712,-0.59
779,4635044.157,9582325.557,-0.59
780,4635036.766,9582330.556,-0.62
781,4635027.793,9582334.906,-0.59
782,4635018.160,9582339.671,-0.56
783,4635009.090,9582344.323,-0.53
784,4635001.510,9582348.954,-0.56
785,4634993.800,9582353.680,-0.59
786,4634984.517,9582358.105,-0.59
787,4634975.033,9582363.077,-0.44
788,4634967.865,9582367.474,-0.50
789,4634960.002,9582373.284,-0.47
790,4634950.741,9582379.457,-0.59
791,4634941.825,9582384.016,-0.59
792,4634934.120,9582388.693,-0.50
793,4634926.491,9582393.411,-0.41
794,4634917.378,9582399.108,-0.44
795,4634909.708,9582404.936,-0.56
796,4634901.937,9582409.832,-0.44
797,4634892.950,9582414.715,-0.47
798,4634885.619,9582419.040,-0.62
799,4634877.608,9582424.422,-0.59
800,4634867.768,9582430.404,-0.53
801,4634860.384,9582435.357,-0.44
802,4634853.047,9582439.817,-0.53
803,4634843.575,9582445.515,-0.62
804,4634835.938,9582451.392,-0.65
805,4634828.195,9582456.057,-0.59
806,4634819.075,9582462.123,-0.44
807,4634811.876,9582467.777,-0.47
808,4634803.711,9582471.934,-0.65
809,4634795.588,9582477.645,-0.38
810,4634787.944,9582484.004,-0.59
811,4634779.156,9582488.619,-0.53
812,4634771.458,9582492.962,-0.62
813,4634763.443,9582498.017,-0.62
814,4634754.661,9582502.811,-0.50
815,4634745.573,9582507.429,-0.50
816,4634737.952,9582512.100,-0.56
817,4634730.523,9582518.084,-0.50
818,4634721.384,9582523.760,-0.56
819,4634713.492,9582528.449,-0.65
820,4634705.891,9582533.149,-0.71
821,4634698.298,9582537.994,-0.65
822,4634691.113,9582544.047,-0.53
823,4634683.684,9582549.413,-0.65
824,4634675.244,9582554.232,-0.62
825,4634665.982,9582557.850,-0.50
826,4634656.811,9582560.898,-0.53
827,4634647.167,9582565.632,-0.62
828,4634639.717,9582570.209,-0.68
829,4634632.119,9582576.055,-0.56
830,4634624.540,9582581.971,-0.59
831,4634618.590,9582586.718,-0.53
832,4634610.888,9582591.480,-0.50
833,4634603.334,9582595.991,-0.56
834,4634597.181,9582600.666,-0.50
835,4634590.890,9582604.420,-0.50
836,4634584.788,9582606.418,-0.47
837,4634580.180,9582609.801,-0.44
838,4634575.606,9582613.897,-0.44
839,4634570.114,9582617.710,-0.38
840,4634564.111,9582621.490,-0.29
841,4634556.531,9582622.107,-0.14
842,4634552.284,9582617.510,-0.07
843,4634552.558,9582610.474,0.08
844,4634550.430,9582603.869,0.17
845,4634548.866,9582597.161,0.20
846,4634549.217,9582590.023,0.23
847,4634548.948,9582583.028,0.26
848,4634546.936,9582576.403,0.26
849,4634545.612,9582569.777,0.26
850,4634544.743,9582562.853,0.26
851,4634541.039,9582557.375,0.23
852,4634539.423,9582551.604,0.17
853,4634539.689,9582544.600,0.11
854,4634538.092,9582537.664,0.14
855,4634534.986,9582532.157,0.23
856,4634532.459,9582528.521,0.02
857,4634527.671,9582525.069,-0.17
858,4634520.986,9582520.893,-0.38
859,4634515.338,9582514.966,-0.41
860,4634516.283,9582508.409,-0.41
861,4634522.931,9582505.685,-0.47
862,4634529.157,9582505.423,-0.53
863,4634536.558,9582505.683,-0.53
864,4634544.205,9582503.500,-0.56
865,4634551.678,9582498.626,-0.56
866,4634559.304,9582495.164,-0.59
867,4634567.053,9582491.645,-0.59
868,4634574.703,9582488.078,-0.59
869,4634580.588,9582484.366,-0.68
870,4634588.150,9582480.723,-0.62
871,4634595.686,9582477.303,-0.65
872,4634601.861,9582473.970,-0.62
873,4634609.888,9582470.487,-0.59
874,4634617.557,9582466.781,-0.62
875,4634625.015,9582463.388,-0.62
876,4634634.365,9582458.998,-0.53
877,4634642.315,9582454.571,-0.50
878,4634648.545,9582449.888,-0.47
879,4634656.085,9582443.822,-0.65
880,4634663.415,9582438.203,-0.59
881,4634671.368,9582432.520,-0.53
882,4634679.072,9582426.224,-0.53
883,4634686.274,9582421.722,-0.59
884,4634693.984,9582415.798,-0.50
885,4634701.422,9582409.756,-0.50
886,4634708.878,9582404.587,-0.53
887,4634715.712,9582398.978,-0.47
888,4634722.208,9582394.284,-0.53
889,4634726.344,9582389.449,-0.56
890,4634730.945,9582385.753,-0.75
891,4634737.212,9582383.197,-0.56
892,4634741.393,9582380.907,-0.53
893,4634746.133,9582378.550,-0.65
894,4634752.365,9582376.060,-0.68
895,4634759.817,9582372.890,-0.68
896,4634767.779,9582368.413,-0.62
897,4634773.968,9582363.870,-0.62
898,4634780.219,9582359.094,-0.62
899,4634785.874,9582352.958,-0.75
900,4634791.537,9582347.265,-0.56
901,4634798.019,9582342.572,-0.44
902,4634805.789,9582338.137,-0.56
903,4634813.818,9582333.782,-0.65
904,4634819.960,9582327.909,-0.59
905,4634825.708,9582320.908,-0.44
906,4634833.593,9582314.888,-0.44
907,4634841.090,9582310.043,-0.68
908,4634848.546,9582305.495,-0.59
909,4634856.395,9582300.958,-0.44
910,4634864.177,9582296.128,-0.59
911,4634871.579,9582291.297,-0.53
912,4634879.075,9582286.713,-0.78
913,4634887.089,9582283.386,-0.59
914,4634894.927,9582279.540,-0.75
915,4634902.149,9582275.897,-0.59
916,4634909.695,9582272.435,-0.62
917,4634917.228,9582267.698,-0.65
918,4634924.780,9582262.851,-0.56
919,4634933.922,9582258.270,-0.78
920,4634941.908,9582255.394,-0.75
921,4634950.328,9582251.652,-0.56
922,4634957.364,9582246.525,-0.53
923,4634964.495,9582242.023,-0.65
924,4634972.423,9582237.433,-0.59
925,4634980.096,9582232.378,-0.62
926,4634988.913,9582227.666,-0.75
927,4634996.478,9582223.278,-0.75
928,4635004.573,9582218.994,-0.78
929,4635012.769,9582214.758,-0.65
930,4635020.778,9582209.020,-0.71
931,4635028.450,9582203.025,-0.81
932,4635035.948,9582197.897,-0.75
933,4635042.960,9582192.986,-0.62
934,4635050.369,9582188.422,-0.62
935,4635058.200,9582183.883,-0.59
936,4635065.998,9582179.151,-0.68
937,4635073.542,9582174.401,-0.62
938,4635081.134,9582169.748,-0.90
939,4635090.673,9582166.369,-0.62
940,4635098.373,9582162.609,-0.81
941,4635105.492,9582157.515,-0.71
942,4635114.616,9582154.714,-0.84
943,4635123.137,9582151.285,-0.59
944,4635130.819,9582147.360,-0.68
945,4635139.633,9582143.912,-0.81
946,4635147.302,9582140.185,-0.68
947,4635154.764,9582136.811,-0.65
948,4635164.303,9582133.428,-0.62
949,4635173.701,9582129.941,-0.62
950,4635181.360,9582126.648,-0.68
951,4635189.279,9582122.958,-0.53
952,4635196.464,9582118.086,-0.68
953,4635203.897,9582113.432,-0.50
954,4635213.249,9582108.722,-0.59
955,4635220.700,9582103.889,-0.50
956,4635228.163,9582099.222,-0.50
957,4635237.517,9582094.559,-0.50
958,4635245.316,9582091.175,-0.53
959,4635253.246,9582088.274,-0.50
960,4635261.499,9582083.666,-0.53
961,4635269.142,9582078.720,-0.47
962,4635278.124,9582074.161,-0.56
963,4635285.793,9582069.302,-0.53
964,4635293.227,9582064.821,-0.56
965,4635300.971,9582059.079,-0.47
966,4635308.636,9582052.945,-0.32
967,4635315.976,9582047.979,-0.35
968,4635323.275,9582043.384,-0.32
969,4635331.078,9582038.855,-0.26
970,4635338.893,9582034.125,-0.26
971,4635346.308,9582028.626,-0.26
972,4635354.349,9582022.585,-0.29
973,4635361.814,9582017.787,-0.23
974,4635369.387,9582013.550,-0.29
975,4635377.460,9582007.924,-0.14
976,4635385.268,9582001.879,-0.01
977,4635392.745,9581997.055,-0.07
978,4635400.004,9581991.210,-0.01
979,4635409.364,9581985.689,0.14
980,4635417.445,9581980.996,0.20
981,4635425.014,9581976.208,0.29
982,4635432.345,9581970.551,0.29
983,4635440.201,9581964.641,0.32
984,4635447.873,9581959.938,0.47
985,4635455.514,9581955.457,0.44
986,4635463.210,9581949.520,0.53
987,4635469.098,9581944.682,0.63
988,4635474.211,9581942.201,0.69
989,4635475.475,9581936.538,0.78
990,4635471.325,9581932.620,0.84
991,4635463.196,9581930.432,0.96
992,4635455.595,9581926.830,1.08
993,4635449.743,9581926.318,1.05
994,4635442.036,9581929.851,0.81
995,4635434.673,9581934.971,0.75
996,4635427.527,9581939.309,0.69
997,4635419.267,9581943.240,0.60
998,4635412.569,9581948.970,0.50
999,4635404.941,9581956.105,0.44
1000,4635395.759,9581962.292,0.41
1001,4635388.590,9581967.120,0.32
1002,4635381.093,9581971.753,0.23
1003,4635371.705,9581976.406,0.26
1004,4635364.333,9581982.117,0.23
1005,4635356.474,9581987.557,0.11
1006,4635348.354,9581993.523,0.05
1007,4635341.198,9582000.716,-0.14
1008,4635333.619,9582006.104,-0.26
1009,4635325.403,9582012.072,-0.26
1010,4635318.256,9582019.267,-0.20
1011,4635310.731,9582024.955,-0.20
1012,4635302.953,9582031.001,-0.44
1013,4635295.653,9582036.897,-0.50
1014,4635286.168,9582041.140,-0.50
1015,4635278.275,9582047.027,-0.32
1016,4635270.783,9582052.938,-0.26
1017,4635263.061,9582057.537,-0.44
1018,4635255.321,9582062.186,-0.41
1019,4635246.172,9582068.156,-0.62
1020,4635237.124,9582073.657,-0.35
1021,4635228.972,9582078.215,-0.38
1022,4635221.323,9582083.544,-0.53
1023,4635212.868,9582088.323,-0.56
1024,4635203.695,9582092.676,-0.41
1025,4635195.908,9582098.425,-0.65
1026,4635188.237,9582104.489,-0.56
1027,4635179.085,9582109.274,-0.50
1028,4635169.986,9582113.754,-0.68
1029,4635162.132,9582118.104,-0.59
1030,4635154.129,9582123.084,-0.62
1031,4635145.428,9582129.027,-0.68
1032,4635138.041,9582134.722,-0.62
1033,4635130.007,9582139.234,-0.65
1034,4635120.617,9582144.675,-0.59
1035,4635112.707,9582151.084,-0.56
1036,4635105.535,9582154.984,-0.65
1037,4635096.659,9582158.452,-0.68
1038,4635087.521,9582163.128,-0.75
1039,4635078.272,9582167.602,-0.59
1040,4635068.776,9582172.227,-0.75
1041,4635059.348,9582175.893,-0.65
1042,4635050.294,9582179.236,-0.56
1043,4635042.641,9582183.662,-0.59
1044,4635034.759,9582188.995,-0.59
1045,4635026.112,9582192.621,-0.78
1046,4635016.910,9582195.586,-0.65
1047,4635007.170,9582200.395,-0.81
1048,4634998.161,9582205.035,-0.59
1049,4634990.562,9582209.665,-0.81
1050,4634982.892,9582214.552,-0.56
1051,4634974.001,9582220.207,-0.84
1052,4634964.534,9582225.807,-0.84
1053,4634956.560,9582230.474,-0.65
1054,4634948.996,9582235.548,-0.87
1055,4634940.219,9582240.450,-0.62
1056,4634931.225,9582244.778,-0.81
1057,4634923.193,9582249.311,-0.75
1058,4634915.389,9582254.008,-0.71
1059,4634906.093,9582258.577,-0.59
1060,4634896.756,9582263.408,-0.59
1061,4634887.589,9582267.012,-0.75
1062,4634880.141,9582270.644,-0.65
1063,4634872.785,9582275.246,-0.53
1064,4634863.318,9582279.702,-0.56
1065,4634853.840,9582284.369,-0.75
1066,4634846.361,9582289.320,-0.59
1067,4634839.054,9582293.978,-0.59
1068,4634829.666,9582298.525,-0.56
1069,4634820.281,9582303.063,-0.47
1070,4634812.610,9582307.930,-0.65
1071,4634805.235,9582312.673,-0.53
1072,4634797.628,9582317.191,-0.65
1073,4634789.971,9582323.063,-0.44
1074,4634780.903,9582330.123,-0.47
1075,4634773.151,9582334.632,-0.59
1076,4634765.282,9582339.260,-0.75
1077,4634755.928,9582343.982,-0.68
1078,4634746.750,9582348.445,-0.56
1079,4634739.165,9582354.494,-0.62
1080,4634731.663,9582359.242,-0.44
1081,4634724.089,9582363.851,-0.53
1082,4634716.562,9582369.763,-0.75
1083,4634707.376,9582375.774,-0.68
1084,4634699.720,9582379.344,-0.53
1085,4634692.094,9582382.771,-0.56
1086,4634682.798,9582387.214,-0.53
1087,4634673.224,9582391.434,-0.56
1088,4634665.280,9582397.179,-0.65
1089,4634657.614,9582403.194,-0.47
1090,4634650.081,9582407.981,-0.50
1091,4634642.571,9582412.644,-0.53
1092,4634635.084,9582418.417,-0.56
1093,4634627.413,9582424.458,-0.53
1094,4634618.202,9582429.025,-0.50
1095,4634610.503,9582433.587,-0.59
1096,4634602.912,9582439.454,-0.53
1097,4634595.335,9582445.195,-0.50
1098,4634587.415,9582449.924,-0.59
1099,4634579.830,9582454.402,-0.50
1100,4634572.069,9582459.980,-0.62
1101,4634564.171,9582466.054,-0.71
1102,4634556.746,9582470.965,-0.53
1103,4634549.173,9582474.403,-0.62
1104,4634543.103,9582477.989,-0.71
1105,4634535.604,9582482.737,-0.59
1106,4634527.999,9582487.174,-0.56
1107,4634521.769,9582491.936,-0.56
1108,4634515.612,9582495.569,-0.56
1109,4634509.657,9582499.100,-0.53
1110,4634503.234,9582503.394,-0.53
1111,4634497.662,9582502.610,-0.47
1112,4634494.645,9582498.061,-0.47
1113,4634490.581,9582494.376,-0.47
1114,4634484.654,9582493.095,-0.41
1115,4634478.131,9582493.710,-0.44
1116,4634471.567,9582491.190,-0.41
1117,4634474.310,9582485.659,-0.44
1118,4634481.733,9582482.411,-0.35
1119,4634487.875,9582477.863,-0.38
1120,4634495.852,9582473.231,-0.38
1121,4634503.756,9582469.812,-0.41
1122,4634511.519,9582466.057,-0.44
1123,4634520.550,9582462.683,-0.47
1124,4634529.794,9582457.905,-0.47
1125,4634539.004,9582454.032,-0.47
1126,4634547.767,9582450.451,-0.50
1127,4634555.117,9582445.984,-0.50
1128,4634561.387,9582441.537,-0.68
1129,4634567.788,9582437.069,-0.53
1130,4634574.113,9582432.423,-0.65
1131,4634580.146,9582427.461,-0.59
1132,4634586.089,9582423.969,-0.68
1133,4634592.337,9582420.754,-0.65
1134,4634596.719,9582415.742,-0.53
1135,4634602.516,9582410.799,-0.56
1136,4634610.053,9582406.475,-0.50
1137,4634616.497,9582402.008,-0.65
1138,4634622.841,9582397.486,-0.59
1139,4634629.166,9582393.182,-0.59
1140,4634635.727,9582388.571,-0.53
1141,4634643.351,9582382.606,-0.56
1142,4634650.654,9582375.986,-0.59
1143,4634657.681,9582372.435,-0.47
1144,4634667.064,9582369.434,-0.53
1145,4634675.064,9582364.496,-0.50
1146,4634682.282,9582359.431,-0.50
1147,4634689.743,9582356.225,-0.56
1148,4634697.889,9582353.160,-0.56
1149,4634705.910,9582348.440,-0.50
1150,4634713.659,9582344.872,-0.59
1151,4634721.078,9582340.256,-0.59
1152,4634726.887,9582334.509,-0.53
1153,4634734.971,9582329.732,-0.59
1154,4634742.368,9582324.613,-0.75
1155,4634749.478,9582320.096,-0.59
1156,4634757.509,9582316.140,-0.81
1157,4634764.144,9582310.206,-0.71
1158,4634771.688,9582304.226,-0.44
1159,4634779.168,9582298.701,-0.50
1160,4634785.455,9582292.799,-0.65
1161,4634791.517,9582287.814,-0.65
1162,4634796.035,9582285.737,-0.53
1163,4634797.416,9582284.377,-0.90
1164,4634799.319,9582281.074,-0.71
1165,4634801.234,9582282.398,-0.75
1166,4634801.020,9582284.144,-0.71
1167,4634802.537,9582285.436,-0.75
1168,4634803.205,9582287.759,-0.59
1169,4634802.796,9582288.607,-0.62
1170,4634802.238,9582289.545,-0.93
1171,4634801.806,9582290.894,-0.71
1172,4634803.089,9582292.940,-0.62
1173,4634802.505,9582295.739,-0.65
1174,4634800.357,9582296.178,-0.78
1175,4634798.037,9582297.065,-0.65
1176,4634797.227,9582300.012,-0.65
1177,4634795.645,9582300.937,-0.68
1178,4634793.612,9582301.535,-0.81
1179,4634792.292,9582304.506,-0.84
1180,4634789.424,9582306.339,-0.68
1181,4634787.538,9582308.297,-0.65
1182,4634785.556,9582310.534,-0.62
1183,4634784.384,9582313.400,-0.75
1184,4634783.191,9582315.119,-0.71
1185,4634779.926,9582315.361,-0.56
1186,4634778.327,9582318.023,-0.62
1187,4634777.256,9582319.741,-0.75
1188,4634775.842,9582320.196,-0.59
1189,4634775.825,9582321.075,-0.75
1190,4634775.323,9582322.359,-0.62
1191,4634774.071,9582325.233,-0.56
1192,4634772.098,9582325.531,-0.65
1193,4634772.748,9582327.620,-0.62
1194,4634771.164,9582328.526,-0.84
1195,4634769.192,9582329.366,-0.56
1196,4634768.154,9582332.241,-0.78
1197,4634766.036,9582332.482,-0.65
1198,4634766.493,9582334.166,-0.68
1199,4634765.262,9582336.724,-0.84
1200,4634762.569,9582337.097,-0.71
1201,4634763.751,9582339.452,-0.53
1202,4634762.788,9582340.815,-0.59
1203,4634760.541,9582340.699,-0.53
1204,4634760.497,9582342.539,-0.59
1205,4634759.006,9582343.489,-0.78
1206,4634757.086,9582345.311,-0.75
1207,4634757.332,9582347.539,-0.56
1208,4634756.789,9582348.505,-0.65
1209,4634756.670,9582349.699,-0.78
1210,4634757.005,9582351.893,-0.62
1211,4634756.618,9582354.260,-0.62
1212,4634756.857,9582357.986,-0.68
1213,4634757.756,9582363.670,-0.71
1214,4634756.369,9582370.790,-0.53
1215,4634751.386,9582376.262,-0.65
1216,4634743.570,9582378.390,-0.68
1217,4634735.228,9582376.781,-0.65
1218,4634731.491,9582369.504,-0.59
1219,4634732.090,9582361.691,-0.56
1220,4634736.182,9582357.279,-0.56
1221,4634741.604,9582353.451,-0.47
1222,4634743.498,9582347.278,-0.68
1223,4634743.794,9582340.013,-0.53
1224,4634746.642,9582334.537,-0.53
1225,4634750.936,9582330.481,-0.81
1226,4634751.127,9582324.681,-0.81
1227,4634748.437,9582317.284,-0.68
1228,4634751.058,9582311.063,-0.78
1229,4634757.279,9582306.462,-0.62
1230,4634765.173,9582301.891,-0.71
1231,4634772.788,9582296.350,-0.65
1232,4634780.787,9582290.511,-0.53
1233,4634788.553,9582285.831,-0.65
1234,4634794.466,9582281.168,-0.50
1235,4634800.368,9582275.415,-0.50
1236,4634808.244,9582269.327,-0.62
1237,4634817.533,9582265.737,-0.50
1238,4634825.039,9582262.120,-0.59
1239,4634832.803,9582259.195,-0.68
1240,4634841.592,9582257.811,-0.65
1241,4634850.539,9582255.688,-0.62
1242,4634860.179,9582253.774,-0.59
1243,4634869.985,9582251.391,-0.62
1244,4634879.157,9582248.743,-0.62
1245,4634886.420,9582246.367,-0.65
1246,4634893.925,9582242.891,-0.53
1247,4634903.320,9582239.570,-0.84
1248,4634911.061,9582235.298,-0.56
1249,4634917.126,9582228.289,-0.53
1250,4634923.166,9582222.009,-0.56
1251,4634930.534,9582217.301,-0.62
1252,4634939.876,9582212.854,-0.59
1253,4634947.918,9582209.338,-0.68
1254,4634955.576,9582205.852,-0.56
1255,4634964.778,9582201.326,-0.62
1256,4634974.177,9582196.511,-0.90
1257,4634983.343,9582192.770,-0.75
1258,4634990.644,9582189.220,-0.71
1259,4634998.316,9582185.750,-0.81
1260,4635006.058,9582182.338,-0.84
1261,4635013.682,9582177.796,-0.62
1262,4635023.136,9582172.904,-0.81
1263,4635030.386,9582168.334,-0.65
1264,4635038.272,9582164.077,-0.71
1265,4635046.401,9582159.135,-0.68
1266,4635053.585,9582154.101,-0.65
1267,4635060.836,9582149.564,-0.75
1268,4635066.765,9582143.806,-0.65
1269,4635074.689,9582138.233,-0.71
1270,4635082.816,9582133.595,-0.84
1271,4635090.455,9582128.822,-0.68
1272,4635097.991,9582124.264,-0.90
1273,4635105.777,9582119.435,-0.71
1274,4635114.895,9582114.854,-0.84
1275,4635122.583,9582110.295,-0.84
1276,4635128.608,9582105.393,-0.59
1277,4635136.080,9582100.357,-0.59
1278,4635145.156,9582097.001,-0.68
1279,4635152.963,9582093.567,-0.62
1280,4635160.527,9582088.900,-0.75
1281,4635168.202,9582084.315,-0.59
1282,4635175.950,9582079.569,-0.50
1283,4635183.506,9582074.851,-0.53
1284,4635191.353,9582071.410,-0.59
1285,4635200.799,9582068.149,-0.50
1286,4635210.318,9582064.389,-0.50
1287,4635219.207,9582060.636,-0.56
1288,4635228.196,9582056.957,-0.47
1289,4635237.469,9582054.948,-0.44
1290,4635246.977,9582051.503,-0.59
1291,4635254.590,9582047.396,-0.47
1292,4635261.807,9582045.393,-0.44
1293,4635269.836,9582042.457,-0.50
1294,4635276.334,9582037.840,-0.50
1295,4635283.985,9582031.964,-0.35
1296,4635291.309,9582024.735,-0.50
1297,4635298.749,9582018.926,-0.50
1298,4635306.445,9582013.230,-0.44
1299,4635312.492,9582007.460,-0.32
1300,4635320.393,9582001.818,-0.53
1301,4635328.119,9581994.874,-0.41
1302,4635333.947,9581987.700,-0.47
1303,4635339.887,9581981.949,-0.26
1304,4635346.063,9581976.186,-0.14
1305,4635352.217,9581970.548,-0.17
1306,4635356.936,9581965.944,-0.35
1307,4635361.712,9581962.180,-0.38
1308,4635367.731,9581958.874,-0.20
1309,4635372.116,9581954.267,-0.26
1310,4635376.662,9581949.319,-0.07
1311,4635382.554,9581944.551,0.05
1312,4635388.582,9581940.076,0.11
1313,4635393.155,9581935.454,0.17
1314,4635397.748,9581930.957,0.26
1315,4635404.259,9581926.264,0.20
1316,4635410.218,9581921.372,0.26
1317,4635416.235,9581917.750,0.35
1318,4635422.245,9581914.389,0.35
1319,4635428.397,9581910.052,0.38
1320,4635434.627,9581907.505,0.41
1321,4635433.519,9581902.873,0.50
1322,4635427.209,9581897.552,0.50
1323,4635423.331,9581892.594,0.53
1324,4635418.875,9581889.523,0.50
1325,4635411.163,9581891.472,0.47
1326,4635403.535,9581897.118,0.47
1327,4635395.676,9581902.933,0.41
1328,4635387.893,9581907.727,0.41
1329,4635380.453,9581912.668,0.38
1330,4635371.395,9581916.875,0.26
1331,4635361.703,9581922.441,0.26
1332,4635352.238,9581928.523,0.23
1333,4635344.884,9581933.147,0.23
1334,4635339.030,9581938.813,0.14
1335,4635332.937,9581945.791,-0.01
1336,4635325.196,9581952.684,-0.14
1337,4635317.310,9581958.381,-0.26
1338,4635309.591,9581964.497,-0.26
1339,4635300.740,9581970.744,-0.29
1340,4635293.600,9581975.406,-0.35
1341,4635286.039,9581981.003,-0.35
1342,4635276.233,9581985.530,-0.56
1343,4635266.839,9581990.079,-0.53
1344,4635259.355,9581995.971,-0.44
1345,4635251.805,9582001.727,-0.53
1346,4635244.100,9582007.617,-0.59
1347,4635236.447,9582012.658,-0.50
1348,4635227.734,9582018.231,-0.50
1349,4635219.947,9582024.662,-0.65
1350,4635213.248,9582030.846,-0.65
1351,4635205.860,9582035.693,-0.75
1352,4635196.868,9582041.174,-0.62
1353,4635187.230,9582047.139,-0.47
1354,4635179.779,9582051.940,-0.71
1355,4635172.500,9582057.882,-0.59
1356,4635165.002,9582063.653,-0.50
1357,4635157.283,9582069.373,-0.47
1358,4635147.818,9582075.019,-0.50
1359,4635139.895,9582079.635,-0.62
1360,4635132.187,9582084.250,-0.59
1361,4635122.942,9582089.945,-0.53
1362,4635115.295,9582095.915,-0.71
1363,4635107.930,9582102.040,-0.62
1364,4635099.005,9582108.115,-0.53
1365,4635089.716,9582111.606,-0.81
1366,4635080.287,9582114.042,-0.75
1367,4635071.319,9582117.512,-0.71
1368,4635062.161,9582122.150,-0.56
1369,4635052.685,9582125.508,-0.62
1370,4635043.267,9582129.013,-0.87
1371,4635034.242,9582133.941,-0.71
1372,4635025.301,9582138.342,-0.65
1373,4635015.698,9582142.977,-0.62
1374,4635006.301,9582146.706,-0.59
1375,4634997.352,9582150.208,-0.62
1376,4634989.955,9582155.052,-0.59
1377,4634982.248,9582158.407,-0.68
1378,4634972.738,9582161.886,-0.56
1379,4634963.697,9582166.890,-0.75
1380,4634954.889,9582171.442,-0.62
1381,4634947.169,9582176.125,-0.78
1382,4634939.543,9582180.810,-0.84
1383,4634930.354,9582186.264,-0.71
1384,4634922.337,9582191.964,-0.75
1385,4634914.410,9582196.771,-0.68
1386,4634905.302,9582201.546,-0.87
1387,4634896.261,9582206.535,-0.84
1388,4634887.404,9582210.915,-0.50
1389,4634879.622,9582216.566,-0.65
1390,4634871.599,9582221.316,-0.53
1391,4634862.391,9582225.918,-0.50
1392,4634854.997,9582231.964,-0.59
1393,4634847.457,9582236.805,-0.53
1394,4634838.151,9582240.285,-0.78
1395,4634828.909,9582244.105,-0.65
1396,4634820.062,9582247.797,-0.71
1397,4634810.954,9582250.785,-0.56
1398,4634801.212,9582255.545,-0.56
1399,4634791.936,9582259.270,-0.59
1400,4634782.754,9582261.427,-0.84
1401,4634773.430,9582264.876,-0.56
1402,4634764.295,9582269.541,-0.62
1403,4634756.762,9582274.318,-0.59
1404,4634749.275,9582279.245,-0.65
1405,4634740.187,9582283.364,-0.90
1406,4634732.035,9582288.804,-0.47
1407,4634723.947,9582294.698,-0.65
1408,4634716.484,9582300.689,-0.53
1409,4634709.157,9582306.972,-0.81
1410,4634701.937,9582311.658,-0.53
1411,4634694.400,9582317.078,-0.50
1412,4634686.201,9582322.763,-0.53
1413,4634678.463,9582328.753,-0.75
1414,4634671.127,9582334.911,-0.78
1415,4634663.516,9582338.562,-0.50
1416,4634654.331,9582341.963,-0.59
1417,4634644.949,9582345.536,-0.59
1418,4634635.811,9582349.139,-0.56
1419,4634626.851,9582353.708,-0.62
1420,4634619.129,9582358.208,-0.71
1421,4634611.225,9582362.694,-0.53
1422,4634603.526,9582368.494,-0.56
1423,4634596.064,9582375.489,-0.47
1424,4634586.465,9582380.342,-0.56
1425,4634577.348,9582383.969,-0.56
1426,4634570.096,9582388.545,-0.50
1427,4634562.225,9582392.852,-0.53
1428,4634554.294,9582398.658,-0.71
1429,4634546.725,9582404.751,-0.50
1430,4634539.265,9582409.415,-0.71
1431,4634531.734,9582415.009,-0.47
1432,4634523.926,9582421.770,-0.53
1433,4634517.649,9582427.703,-0.62
1434,4634509.858,9582432.463,-0.47
1435,4634500.730,9582437.623,-0.53
1436,4634493.569,9582440.847,-0.56
1437,4634487.356,9582445.263,-0.47
1438,4634480.879,9582449.731,-0.47
1439,4634476.300,9582454.299,-0.44
1440,4634471.945,9582460.285,-0.59
1441,4634465.628,9582464.681,-0.38
1442,4634459.156,9582469.375,-0.41
1443,4634455.094,9582474.559,-0.41
1444,4634450.974,9582478.037,-0.38
1445,4634446.281,9582481.451,-0.35
1446,4634441.498,9582485.637,-0.35
1447,4634434.659,9582486.129,-0.32
1448,4634428.037,9582481.893,-0.32
1449,4634422.173,9582476.237,-0.32
1450,4634417.740,9582472.934,-0.29
1451,4634412.737,9582470.905,-0.29
1452,4634408.082,9582465.595,-0.29
1453,4634412.302,9582459.249,-0.29
1454,4634421.471,9582454.444,-0.29
1455,4634430.499,9582449.648,-0.32
1456,4634439.607,9582445.249,-0.35
1457,4634447.430,9582439.818,-0.35
1458,4634453.687,9582432.917,-0.32
1459,4634459.825,9582426.162,-0.35
1460,4634466.101,9582419.026,-0.38
1461,4634473.513,9582411.562,-0.53
1462,4634482.521,9582406.994,-0.44
1463,4634490.256,9582402.563,-0.62
1464,4634497.970,9582396.381,-0.59
1465,4634506.950,9582391.517,-0.56
1466,4634515.946,9582386.970,-0.59
1467,4634523.721,9582382.492,-0.53
1468,4634529.652,9582376.542,-0.59
1469,4634537.243,9582370.474,-0.56
1470,4634546.427,9582365.847,-0.65
1471,4634555.773,9582361.617,-0.81
1472,4634565.558,9582357.004,-0.62
1473,4634573.131,9582352.268,-0.47
1474,4634579.108,9582348.257,-0.47
1475,4634586.008,9582342.877,-0.53
1476,4634592.283,9582335.209,-0.65
1477,4634599.126,9582328.887,-0.65
1478,4634606.235,9582323.417,-0.71
1479,4634612.487,9582316.548,-0.78
1480,4634618.740,9582310.441,-0.62
1481,4634626.327,9582305.703,-0.56
1482,4634635.739,9582301.805,-0.65
1483,4634644.692,9582299.582,-0.81
1484,4634653.965,9582296.331,-0.56
1485,4634661.664,9582291.520,-0.81
1486,4634669.168,9582287.078,-0.65
1487,4634677.179,9582282.683,-0.68
1488,4634684.958,9582276.773,-0.65
1489,4634694.144,9582270.969,-0.62
1490,4634701.910,9582266.401,-0.68
1491,4634707.731,9582260.456,-0.78
1492,4634713.610,9582254.554,-0.62
1493,4634721.541,9582250.125,-0.68
1494,4634729.394,9582244.623,-0.71
1495,4634735.477,9582237.544,-0.68
1496,4634743.215,9582231.501,-0.71
1497,4634752.308,9582226.104,-0.78
1498,4634760.791,9582222.726,-0.87
1499,4634768.443,9582218.385,-0.47
1500,4634776.345,9582212.612,-0.59
1501,4634784.053,9582207.049,-0.59
1502,4634792.177,9582202.094,-0.56
1503,4634801.234,9582198.183,-0.62
1504,4634810.002,9582194.814,-0.62
1505,4634817.824,9582191.469,-0.53
1506,4634825.504,9582186.749,-0.50
1507,4634834.796,9582182.349,-0.62
1508,4634842.733,9582177.751,-0.53
1509,4634848.474,9582171.746,-0.62
1510,4634855.979,9582165.371,-0.75
1511,4634864.948,9582161.767,-0.50
1512,4634874.134,9582158.631,-0.56
1513,4634883.668,9582153.911,-0.68
1514,4634891.137,9582149.300,-0.71
1515,4634898.944,9582145.005,-0.65
1516,4634906.911,9582139.295,-0.65
1517,4634914.573,9582132.969,-0.62
1518,4634923.373,9582128.164,-0.62
1519,4634930.828,9582123.716,-0.68
1520,4634939.043,9582120.437,-0.62
1521,4634948.593,9582116.646,-0.71
1522,4634957.469,9582113.043,-0.81
1523,4634966.637,9582109.647,-0.71
1524,4634975.997,9582105.663,-0.84
1525,4634984.813,9582103.243,-0.84
1526,4634993.828,9582099.689,-0.59
1527,4635003.078,9582096.142,-0.68
1528,4635012.491,9582094.031,-0.56
1529,4635021.890,9582090.632,-0.75
1530,4635031.253,9582087.091,-0.59
1531,4635038.680,9582082.854,-0.71
1532,4635044.981,9582076.934,-0.81
1533,4635051.093,9582072.304,-0.59
1534,4635057.058,9582066.771,-0.65
1535,4635065.163,9582060.143,-0.68
1536,4635073.969,9582057.310,-0.68
1537,4635082.877,9582056.272,-0.71
1538,4635092.226,9582054.419,-0.59
1539,4635101.935,9582051.040,-0.65
1540,4635111.117,9582046.165,-0.59
1541,4635120.087,9582041.589,-0.62
1542,4635129.441,9582036.886,-0.56
1543,4635137.127,9582033.249,-0.59
1544,4635144.654,9582029.818,-0.71
1545,4635152.268,9582025.323,-0.50
1546,4635160.170,9582020.736,-0.50
1547,4635167.750,9582015.027,-0.62
1548,4635173.797,9582009.297,-0.68
1549,4635181.864,9582004.422,-0.68
1550,4635190.867,9581999.608,-0.68
1551,4635198.284,9581995.248,-0.65
1552,4635206.319,9581990.319,-0.50
1553,4635215.246,9581985.462,-0.59
1554,4635222.714,9581981.366,-0.65
1555,4635227.549,9581975.725,-0.59
1556,4635231.960,9581968.463,-0.47
1557,4635237.889,9581962.437,-0.71
1558,4635245.404,9581956.577,-0.65
1559,4635253.040,9581950.986,-0.75
1560,4635259.273,9581945.297,-0.71
1561,4635265.489,9581939.437,-0.59
1562,4635271.413,9581933.408,-0.71
1563,4635278.940,9581927.645,-0.59
1564,4635286.931,9581923.364,-0.65
1565,4635293.201,9581917.653,-0.47
1566,4635299.152,9581910.589,-0.59
1567,4635306.954,9581904.690,-0.59
1568,4635316.306,9581899.758,-0.26
1569,4635325.383,9581896.293,-0.35
1570,4635334.693,9581892.853,-0.26
1571,4635343.848,9581888.212,-0.20
1572,4635351.264,9581882.572,-0.17
1573,4635359.133,9581876.592,-0.01
1574,4635366.480,9581870.522,0.11
1575,4635373.721,9581864.274,0.14
1576,4635382.674,9581859.538,0.20
1577,4635390.276,9581855.628,0.29
1578,4635397.248,9581851.057,0.29
1579,4635403.709,9581846.642,0.38
1580,4635408.777,9581846.265,0.44
1581,4635412.722,9581849.417,0.47
1582,4635415.711,9581854.889,0.41
1583,4635418.236,9581860.302,0.50
1584,4635422.138,9581864.888,0.50
1585,4635427.969,9581868.734,0.50
1586,4635434.920,9581870.317,0.44
1587,4635439.689,9581873.579,0.44
1588,4635442.819,9581879.423,0.44
1589,4635445.755,9581884.976,0.75
1590,4635449.700,9581888.690,1.08
1591,4635457.577,9581891.151,1.05
1592,4635466.335,9581894.206,1.17
1593,4635471.741,9581899.750,1.48
1594,4635473.190,9581906.747,1.69
1595,4635474.753,9581913.504,1.88
1596,4635477.781,9581919.264,1.91
1597,4635481.386,9581925.026,1.75
1598,4635483.226,9581931.574,1.57
1599,4635484.009,9581938.397,1.57
1600,4635486.566,9581944.447,1.42
1601,4635491.038,9581948.064,1.30
1602,4635498.738,9581948.734,1.14
1603,4635505.519,9581950.898,1.14
1604,4635509.531,9581956.528,1.27
1605,4635511.427,9581963.244,1.45
1606,4635510.846,9581970.084,1.54
1607,4635511.993,9581977.006,1.54
1608,4635517.037,9581982.517,1.45
1609,4635520.684,9581988.314,1.17
1610,4635520.741,9581995.420,1.14
1611,4635521.228,9582002.421,1.17
1612,4635521.552,9582009.206,1.27
1613,4635522.103,9582016.509,1.21
1614,4635519.179,9582021.788,1.21
1615,4635512.912,9582024.194,1.17
1616,4635506.792,9582026.150,1.39
1617,4635501.860,9582028.850,1.17
1618,4635498.456,9582034.577,1.14
1619,4635495.688,9582040.800,1.02
1620,4635491.263,9582045.350,0.93
1621,4635486.763,9582051.152,0.81
1622,4635482.359,9582057.220,0.78
1623,4635475.957,9582061.485,0.66
1624,4635470.881,9582062.653,0.81
1625,4635468.455,9582060.152,2.12
1626,4635463.743,9582057.383,1.97
1627,4635456.685,9582054.448,0.96
1628,4635450.403,9582050.345,0.63
1629,4635445.890,9582044.248,0.50
1630,4635441.899,9582037.638,0.50
1631,4635438.936,9582029.968,0.47
1632,4635436.536,9582021.795,0.44
1633,4635431.507,9582014.851,0.44
1634,4635426.779,9582007.043,0.41
1635,4635421.010,9582000.234,0.35
1636,4635413.134,9581994.557,0.26
1637,4635406.748,9581987.752,0.35
1638,4635400.431,9581981.915,0.29
1639,4635393.426,9581975.046,0.32
1640,4635389.900,9581967.392,0.26
1641,4635387.683,9581959.307,0.29
1642,4635381.598,9581952.453,0.26
1643,4635375.416,9581947.981,0.23
1644,4635367.575,9581942.398,0.20
1645,4635359.585,9581935.834,0.17
1646,4635353.540,9581928.900,0.14
1647,4635347.185,9581922.008,0.17
1648,4635340.903,9581916.086,0.11
1649,4635334.132,9581910.738,0.05
1650,4635328.749,9581903.573,0.02
1651,4635321.346,9581900.228,-0.01
1652,4635313.325,9581903.762,-0.20
1653,4635305.892,9581908.410,-0.17
1654,4635297.974,9581911.875,-0.32
1655,4635292.288,9581917.018,-0.35
1656,4635285.232,9581922.646,-0.38
1657,4635276.771,9581927.278,-0.41
1658,4635273.698,9581933.805,-0.56
1659,4635278.143,9581940.753,-0.32
1660,4635284.470,9581947.963,-0.50
1661,4635291.254,9581955.000,-0.41
1662,4635297.945,9581961.443,-0.38
1663,4635303.767,9581968.227,-0.56
1664,4635309.959,9581975.118,-0.47
1665,4635316.286,9581981.630,-0.35
1666,4635322.135,9581987.161,-0.44
1667,4635328.293,9581992.841,-0.32
1668,4635334.695,9581999.499,-0.32
1669,4635340.828,9582006.540,-0.35
1670,4635347.688,9582014.284,-0.29
1671,4635352.144,9582022.243,-0.29
1672,4635356.635,9582029.243,-0.29
1673,4635363.150,9582035.846,-0.35
1674,4635369.127,9582042.930,-0.17
1675,4635375.765,9582049.713,-0.14
1676,4635382.147,9582056.240,-0.07
1677,4635386.704,9582061.743,-0.04
1678,4635389.427,9582066.615,0.02
1679,4635394.557,9582072.040,-0.14
1680,4635399.246,9582077.249,-0.07
1681,4635401.780,9582082.162,-0.04
1682,4635404.516,9582085.690,-0.04
1683,4635405.226,9582088.457,0.02
1684,4635403.894,9582091.324,0.02
1685,4635399.470,9582094.715,-0.01
1686,4635392.981,9582098.173,-0.04
1687,4635386.806,9582101.569,-0.14
1688,4635380.701,9582106.298,0.17
1689,4635376.607,9582112.058,0.50
1690,4635373.982,9582117.968,-0.04
1691,4635369.152,9582122.795,-0.11
1692,4635362.881,9582126.318,-0.23
1693,4635356.728,9582130.592,-0.14
1694,4635350.145,9582131.376,-0.32
1695,4635343.985,9582126.975,-0.35
1696,4635337.870,9582122.350,-0.35
1697,4635333.044,9582118.719,-0.23
1698,4635329.838,9582116.023,-0.17
1699,4635328.311,9582114.533,-0.20
1700,4635327.037,9582115.231,-0.23
1701,4635325.871,9582114.914,-0.17
1702,4635324.038,9582114.855,-0.23
1703,4635321.881,9582113.019,-0.32
1704,4635322.318,9582114.899,-0.23
1705,4635320.595,9582116.714,-0.29
1706,4635317.486,9582115.260,-0.26
1707,4635316.905,9582116.214,-0.35
1708,4635317.245,9582117.359,-0.38
1709,4635319.261,9582118.005,-0.32
1710,4635319.567,9582117.572,-0.32
1711,4635318.177,9582116.372,-0.26
1712,4635315.534,9582116.331,-0.23
1713,4635315.928,9582118.785,-0.35
1714,4635314.414,9582119.439,-0.29
1715,4635311.030,9582118.549,-0.29
1716,4635312.087,9582117.941,-0.38
1717,4635313.561,9582119.899,-0.32
1718,4635312.144,9582119.652,-0.35
1719,4635308.154,9582120.119,-0.26
1720,4635310.294,9582119.989,-0.35
1721,4635310.257,9582119.552,-0.38
1722,4635308.683,9582118.758,-0.50
1723,4635306.938,9582119.372,-0.41
1724,4635305.091,9582121.440,-0.47
1725,4635302.520,9582124.738,-0.38
1726,4635303.748,9582128.375,-0.44
1727,4635304.956,9582129.485,-0.44
1728,4635305.856,9582130.248,-0.56
1729,4635309.214,9582129.566,-0.47
1730,4635314.408,9582126.171,-0.59
1731,4635319.621,9582126.777,-0.44
1732,4635322.631,9582131.291,-0.38
1733,4635324.904,9582135.392,-0.32
1734,4635329.447,9582136.131,-0.32
1735,4635336.215,9582134.585,-0.26
1736,4635340.144,9582130.249,-0.32
1737,4635338.290,9582123.608,-0.29
1738,4635335.309,9582116.900,-0.26
1739,4635332.286,9582108.995,-0.14
1740,4635329.256,9582100.965,-0.14
1741,4635326.468,9582093.696,-0.29
1742,4635319.796,9582087.078,-0.17
1743,4635312.099,9582080.417,-0.26
1744,4635305.941,9582073.406,-0.32
1745,4635299.530,9582066.375,-0.26
1746,4635291.470,9582059.548,-0.26
1747,4635283.572,9582052.872,-0.41
1748,4635275.865,9582046.267,-0.32
1749,4635268.392,9582039.437,-0.38
1750,4635260.791,9582033.721,-0.35
1751,4635251.357,9582029.327,-0.35
1752,4635242.946,9582024.036,-0.56
1753,4635238.347,9582016.085,-0.47
1754,4635233.971,9582006.735,-0.59
1755,4635227.663,9581999.924,-0.56
1756,4635219.890,9581994.190,-0.62
1757,4635212.285,9581987.190,-0.50
1758,4635206.468,9581983.906,-0.53
1759,4635200.563,9581988.535,-0.75
1760,4635192.865,9581994.297,-0.56
1761,4635183.318,9581999.149,-0.71
1762,4635176.320,9582005.414,-0.62
1763,4635169.208,9582011.001,-0.68
1764,4635159.514,9582016.705,-0.62
1765,4635151.860,9582022.481,-0.68
1766,4635145.175,9582027.463,-0.47
1767,4635144.321,9582035.762,-0.56
1768,4635151.207,9582043.888,-0.65
1769,4635156.341,9582051.482,-0.68
1770,4635160.371,9582059.011,-0.81
1771,4635166.078,9582065.593,-0.68
1772,4635172.053,9582073.750,-0.56
1773,4635178.587,9582081.964,-0.59
1774,4635185.429,9582089.841,-0.62
1775,4635190.127,9582097.467,-0.59
1776,4635194.208,9582104.160,-0.50
1777,4635200.298,9582110.962,-0.59
1778,4635206.672,9582118.675,-0.71
1779,4635212.530,9582126.840,-0.56
1780,4635219.028,9582133.774,-0.50
1781,4635225.406,9582140.446,-0.47
1782,4635232.994,9582147.383,-0.50
1783,4635241.117,9582154.314,-0.56
1784,4635247.547,9582161.153,-0.59
1785,4635253.613,9582166.615,-0.53
1786,4635260.965,9582171.108,-0.59
1787,4635268.975,9582175.341,-0.71
1788,4635275.301,9582180.862,-0.75
1789,4635280.267,9582186.751,-0.93
1790,4635283.481,9582192.053,-1.02
1791,4635278.876,9582197.158,-1.08
1792,4635271.253,9582200.786,-1.14
1793,4635263.686,9582204.145,-1.08
1794,4635254.311,9582208.618,-0.96
1795,4635244.877,9582213.465,-0.87
1796,4635235.981,9582218.664,-0.78
1797,4635227.355,9582223.344,-0.71
1798,4635217.437,9582225.988,-0.71
1799,4635209.015,9582224.343,-0.71
1800,4635201.380,9582220.119,-0.62
1801,4635193.524,9582213.437,-0.56
1802,4635187.271,9582205.395,-0.56
1803,4635180.948,9582197.350,-0.56
1804,4635174.789,9582190.481,-0.56
1805,4635166.937,9582184.814,-0.53
1806,4635159.012,9582178.090,-0.53
1807,4635151.230,9582171.469,-0.56
1808,4635143.483,9582164.614,-0.62
1809,4635137.001,9582157.574,-0.65
1810,4635130.128,9582149.888,-0.65
1811,4635125.611,9582142.210,-0.62
1812,4635121.479,9582134.083,-0.59
1813,4635115.109,9582126.078,-0.56
1814,4635108.812,9582119.217,-0.59
1815,4635102.530,9582112.709,-0.59
1816,4635095.144,9582105.869,-0.65
1817,4635087.209,9582098.713,-0.59
1818,4635080.218,9582092.171,-0.59
1819,4635074.191,9582084.322,-0.68
1820,4635068.361,9582076.297,-0.71
1821,4635061.177,9582069.923,-0.59
1822,4635053.379,9582069.174,-0.68
1823,4635045.543,9582073.930,-0.71
1824,4635036.334,9582078.567,-0.68
1825,4635028.960,9582084.477,-0.56
1826,4635021.459,9582090.464,-0.71
1827,4635012.200,9582095.298,-0.56
1828,4635003.150,9582099.662,-0.84
1829,4634995.279,9582105.196,-0.71
1830,4634988.472,9582111.767,-0.65
1831,4634988.353,9582119.601,-0.65
1832,4634992.895,9582127.394,-0.99
1833,4634997.126,9582134.361,-0.71
1834,4635004.940,9582142.342,-0.68
1835,4635012.885,9582148.683,-0.84
1836,4635018.464,9582154.511,-0.68
1837,4635026.336,9582160.493,-0.68
1838,4635034.840,9582165.952,-0.78
1839,4635041.154,9582172.671,-0.78
1840,4635047.574,9582180.420,-0.71
1841,4635052.097,9582188.332,-0.65
1842,4635056.609,9582196.273,-0.65
1843,4635062.989,9582204.224,-0.65
1844,4635067.779,9582212.213,-0.59
1845,4635072.086,9582220.148,-0.59
1846,4635079.452,9582225.854,-0.65
1847,4635088.761,9582230.463,-0.71
1848,4635097.019,9582234.927,-0.75
1849,4635103.816,9582240.401,-0.75
1850,4635108.814,9582248.020,-0.71
1851,4635111.530,9582257.147,-0.62
1852,4635114.628,9582266.555,-0.68
1853,4635118.562,9582274.398,-0.68
1854,4635120.793,9582282.992,-0.56
1855,4635116.574,9582290.901,-0.75
1856,4635107.591,9582294.163,-0.78
1857,4635099.610,9582297.310,-0.56
1858,4635091.734,9582302.289,-0.59
1859,4635082.828,9582307.136,-0.62
1860,4635073.612,9582310.591,-0.71
1861,4635064.266,9582313.809,-0.68
1862,4635056.492,9582318.500,-0.78
1863,4635048.501,9582322.821,-0.59
1864,4635038.998,9582322.105,-0.87
1865,4635029.343,9582316.800,-0.65
1866,4635021.516,9582310.260,-0.81
1867,4635015.436,9582302.334,-0.50
1868,4635009.313,9582294.158,-0.53
1869,4635002.746,9582287.496,-0.56
1870,4634996.737,9582280.832,-0.62
1871,4634989.186,9582273.881,-0.53
1872,4634981.051,9582266.972,-0.59
1873,4634974.553,9582260.279,-0.59
1874,4634966.673,9582252.673,-0.59
1875,4634960.633,9582244.580,-0.65
1876,4634955.784,9582236.651,-0.59
1877,4634949.815,9582228.473,-0.87
1878,4634941.851,9582221.551,-0.68
1879,4634933.611,9582215.367,-0.78
1880,4634928.182,9582208.472,-0.87
1881,4634920.388,9582201.479,-0.50
1882,4634912.320,9582194.912,-0.56
1883,4634904.887,9582188.790,-0.59
1884,4634896.175,9582183.235,-0.71
1885,4634889.683,9582175.728,-0.59
1886,4634883.954,9582167.703,-0.71
1887,4634878.740,9582161.164,-0.56
1888,4634876.473,9582153.072,-0.59
1889,4634872.567,9582147.408,-0.62
1890,4634866.471,9582149.643,-0.81
1891,4634859.090,9582155.162,-0.68
1892,4634849.331,9582160.877,-0.75
1893,4634841.749,9582166.857,-0.56
1894,4634834.363,9582172.837,-0.65
1895,4634826.916,9582178.532,-0.62
1896,4634819.045,9582183.979,-0.78
1897,4634809.260,9582189.882,-0.53
1898,4634801.806,9582195.417,-0.68
1899,4634796.829,9582200.514,-0.68
1900,4634794.419,9582208.523,-0.65
1901,4634797.676,9582217.727,-0.71
1902,4634802.490,9582225.594,-0.59
1903,4634806.751,9582232.755,-0.78
1904,4634813.282,9582238.540,-0.59
1905,4634819.932,9582243.586,-0.56
1906,4634825.494,9582250.304,-0.59
1907,4634831.552,9582257.393,-0.68
1908,4634838.137,9582263.956,-0.62
1909,4634844.085,9582269.477,-0.53
1910,4634850.132,9582275.330,-0.68
1911,4634858.048,9582282.626,-0.56
1912,4634866.565,9582288.345,-0.59
1913,4634873.187,9582293.746,-0.59
1914,4634879.117,9582300.301,-0.47
1915,4634884.987,9582305.825,-0.65
1916,4634891.083,9582311.362,-0.50
1917,4634897.182,9582317.216,-0.71
1918,4634903.731,9582323.229,-0.62
1919,4634910.610,9582329.714,-0.81
1920,4634916.517,9582336.432,-0.44
1921,4634922.663,9582343.358,-0.53
1922,4634927.635,9582348.653,-0.47
1923,4634931.838,9582354.042,-0.47
1924,4634937.649,9582360.984,-0.44
1925,4634944.082,9582367.892,-0.68
1926,4634950.721,9582374.624,-0.71
1927,4634956.152,9582381.747,-0.65
1928,4634957.250,9582390.387,-0.71
1929,4634953.082,9582397.621,-0.68
1930,4634946.819,9582402.332,-0.65
1931,4634939.076,9582406.968,-0.68
1932,4634929.706,9582411.616,-0.50
1933,4634920.408,9582416.018,-0.59
1934,4634910.698,9582419.641,-0.47
1935,4634903.378,9582423.816,-0.68
1936,4634896.404,9582427.134,-0.47
1937,4634886.404,9582429.846,-0.53
1938,4634877.910,9582429.322,-0.62
1939,4634871.548,9582423.813,-0.41
1940,4634865.394,9582417.137,-0.78
1941,4634859.442,9582410.332,-0.81
1942,4634851.661,9582403.831,-0.59
1943,4634844.083,9582397.038,-0.41
1944,4634837.996,9582390.054,-0.56
1945,4634830.166,9582384.545,-0.56
1946,4634820.828,9582379.040,-0.53
1947,4634812.826,9582371.998,-0.50
1948,4634805.912,9582364.018,-0.65
1949,4634801.276,9582356.183,-0.53
1950,4634795.285,9582349.485,-0.59
1951,4634787.312,9582341.676,-0.47
1952,4634782.593,9582333.816,-0.56
1953,4634778.179,9582325.696,-0.59
1954,4634771.652,9582317.678,-0.44
1955,4634766.906,9582310.837,-0.62
1956,4634762.461,9582305.292,-0.68
1957,4634756.379,9582300.988,-0.56
1958,4634750.116,9582295.061,-0.50
1959,4634744.883,9582288.383,-0.65
1960,4634740.416,9582281.853,-0.50
1961,4634734.473,9582274.792,-0.59
1962,4634729.379,9582267.694,-0.56
1963,4634724.671,9582260.695,-0.50
1964,4634718.989,9582255.596,-0.75
1965,4634713.153,9582256.193,-0.68
1966,4634706.960,9582260.643,-0.78
1967,4634699.100,9582266.819,-0.50
1968,4634692.092,9582273.497,-0.62
1969,4634685.793,9582280.460,-0.65
1970,4634677.958,9582286.767,-0.59
1971,4634669.078,9582291.151,-0.68
1972,4634661.268,9582296.777,-0.59
1973,4634654.911,9582302.496,-0.78
1974,4634651.588,9582307.900,-0.59
1975,4634652.773,9582314.499,-0.68
1976,4634656.907,9582320.198,-0.87
1977,4634663.196,9582325.903,-0.68
1978,4634669.551,9582332.799,-0.53
1979,4634676.208,9582339.186,-0.81
1980,4634680.571,9582345.832,-0.53
1981,4634685.041,9582353.979,-0.71
1982,4634689.807,9582362.153,-0.59
1983,4634694.599,9582367.798,-0.62
1984,4634700.746,9582373.220,-0.59
1985,4634708.266,9582379.852,-0.56
1986,4634715.897,9582386.799,-0.56
1987,4634722.203,9582392.821,-0.56
1988,4634730.527,9582398.096,-0.65
1989,4634738.027,9582404.579,-0.41
1990,4634745.422,9582411.597,-0.62
1991,4634753.630,9582418.563,-0.47
1992,4634760.267,9582425.255,-0.71
1993,4634766.704,9582431.917,-0.44
1994,4634771.334,9582439.875,-0.56
1995,4634775.847,9582447.777,-0.50
1996,4634781.821,9582454.851,-0.47
1997,4634788.345,9582460.635,-0.47
1998,4634794.930,9582465.975,-0.53
1999,4634801.341,9582472.426,-0.75
2000,4634805.048,9582479.832,-0.59
2001,4634802.697,9582487.667,-0.59
2002,4634795.462,9582493.389,-0.50
2003,4634785.599,9582496.765,-0.56
2004,4634776.167,9582499.951,-0.59
2005,4634766.701,9582504.639,-0.53
2006,4634757.575,9582509.647,-0.47
2007,4634750.453,9582514.271,-0.81
2008,4634742.462,9582517.911,-0.50
2009,4634732.980,9582521.111,-0.59
2010,4634725.136,9582520.620,-0.53
2011,4634719.109,9582515.792,-0.53
2012,4634712.369,9582511.567,-0.75
2013,4634706.045,9582506.599,-0.59
2014,4634700.518,9582498.520,-0.68
2015,4634694.208,9582488.758,-0.56
2016,4634686.863,9582480.825,-0.62
2017,4634681.901,9582473.472,-0.62
2018,4634678.196,9582465.540,-0.62
2019,4634672.039,9582457.445,-0.59
2020,4634665.850,9582449.344,-0.47
2021,4634658.117,9582443.320,-0.65
2022,4634649.940,9582438.508,-0.50
2023,4634641.653,9582434.063,-0.41
2024,4634633.461,9582429.103,-0.47
2025,4634627.840,9582422.265,-0.56
2026,4634621.554,9582414.096,-0.53
2027,4634615.229,9582406.367,-0.65
2028,4634607.879,9582400.666,-0.59
2029,4634599.805,9582395.069,-0.71
2030,4634593.427,9582388.467,-0.50
2031,4634587.350,9582382.056,-0.53
2032,4634581.585,9582375.288,-0.81
2033,4634575.806,9582367.884,-0.78
2034,4634569.563,9582363.522,-0.56
2035,4634563.277,9582365.413,-0.50
2036,4634557.190,9582371.112,-0.53
2037,4634551.037,9582377.953,-0.68
2038,4634546.664,9582385.058,-0.75
2039,4634542.320,9582391.039,-0.59
2040,4634536.252,9582396.772,-0.78
2041,4634530.043,9582402.361,-0.53
2042,4634521.735,9582406.779,-0.68
2043,4634513.527,9582411.323,-0.65
2044,4634510.638,9582416.697,-0.56
2045,4634511.894,9582424.687,-0.59
2046,4634516.566,9582433.888,-0.56
2047,4634521.742,9582441.497,-0.65
2048,4634524.302,9582449.531,-0.59
2049,4634528.707,9582459.038,-0.56
2050,4634536.789,9582466.962,-0.50
2051,4634544.746,9582472.409,-0.56
2052,4634551.253,9582479.158,-0.59
2053,4634556.031,9582488.278,-0.59
2054,4634560.836,9582497.236,-0.50
2055,4634565.183,9582506.151,-0.56
2056,4634570.899,9582514.246,-0.53
2057,4634578.904,9582520.934,-0.56
2058,4634585.227,9582527.316,-0.56
2059,4634590.998,9582534.329,-0.59
2060,4634597.564,9582542.436,-0.59
2061,4634604.134,9582550.273,-0.59
2062,4634610.248,9582558.422,-0.59
2063,4634616.751,9582566.195,-0.62
2064,4634622.812,9582572.891,-0.56
2065,4634628.954,9582579.974,-0.56
2066,4634635.316,9582586.008,-0.50
2067,4634634.459,9582591.171,-0.56
2068,4634628.159,9582596.026,-0.59
2069,4634620.380,9582599.685,-0.53
2070,4634611.073,9582602.084,-0.56
2071,4634602.027,9582605.367,-0.47
2072,4634592.645,9582609.878,-0.44
2073,4634584.911,9582614.599,-0.38
2074,4634577.330,9582619.253,-0.32
2075,4634571.201,9582623.153,-0.32
2076,4634566.936,9582625.044,-0.26
2077,4634561.941,9582628.152,-0.17
2078,4634556.902,9582632.728,-0.07
2079,4634550.426,9582633.139,-0.01
2080,4634551.556,9582629.115,0.08
2081,4634556.591,9582626.242,0.14
2082,4634558.679,9582621.875,0.26
2083,4634557.309,9582616.285,0.17
2084,4634554.373,9582611.683,0.11
2085,4634550.745,9582607.182,0.08
2086,4634548.679,9582601.796,0.11
2087,4634549.515,9582595.253,0.17
2088,4634548.278,9582586.907,0.29
2089,4634545.814,9582578.762,0.26
2090,4634545.824,9582572.120,0.26
2091,4634544.497,9582565.081,0.26
2092,4634542.500,9582558.348,0.20
2093,4634541.497,9582551.721,0.17
2094,4634536.899,9582544.831,0.05
2095,4634533.315,9582537.939,-0.04
2096,4634531.969,9582531.011,-0.04
2097,4634529.011,9582525.062,0.17
2098,4634526.246,9582521.100,0.11
2099,4634521.496,9582520.201,-0.32
2100,4634516.201,9582519.916,-0.47
2101,4634513.301,9582515.400,-0.53
2102,4634510.222,9582509.558,-0.47
2103,4634507.112,9582503.891,-0.35
2104,4634504.924,9582498.974,-0.56
2105,4634501.813,9582500.981,-0.50
2106,4634499.087,9582506.525,-0.47
2107,4634494.240,9582508.283,-0.44
2108,4634488.050,9582507.118,-0.47
2109,4634481.598,9582505.837,-0.44
2110,4634474.980,9582503.541,-0.44
2111,4634468.670,9582501.684,-0.41
2112,4634462.555,9582499.913,-0.26
2113,4634458.159,9582496.477,-0.07
2114,4634453.874,9582492.564,-0.07
2115,4634447.644,9582491.302,-0.32
2116,4634441.363,9582491.610,-0.38
2117,4634434.942,9582490.703,-0.38
2118,4634429.959,9582488.507,-0.35
2119,4634424.651,9582485.208,-0.29
2120,4634420.929,9582479.785,-0.29
2121,4634420.374,9582474.133,-0.29
2122,4634418.243,9582469.966,-0.26
2123,4634415.489,9582468.684,-0.32
2124,4634417.277,9582471.710,-0.32
2125,4634419.188,9582475.272,-0.32
2126,4634423.263,9582476.893,-0.35
2127,4634429.604,9582476.892,-0.32
2128,4634435.614,9582475.766,-0.32
2129,4634442.225,9582474.167,-0.32
2130,4634448.692,9582476.282,-0.35
2131,4634454.613,9582478.720,-0.32
2132,4634461.250,9582478.909,-0.35
2133,4634466.171,9582483.238,-0.32
2134,4634474.263,9582484.250,-0.32
2135,4634478.351,9582489.862,-0.38
