1,4606803.473,8567834.713,779.55
2,4606806.163,8567833.818,779.61
3,4606803.287,8567832.029,779.64
4,4606805.808,8567829.705,779.76
5,4606803.658,8567832.041,779.79
6,4606805.549,8567831.703,779.88
7,4606805.101,8567829.064,779.85
8,4606802.604,8567831.272,780.00
9,4606804.982,8567832.011,780.10
10,4606804.814,8567826.717,780.22
11,4606802.701,8567829.242,780.34
12,4606805.379,8567829.695,780.43
13,4606804.737,8567826.689,780.49
14,4606803.195,8567830.043,780.49
15,4606806.412,8567828.382,780.34
16,4606802.743,8567828.188,780.28
17,4606805.243,8567827.883,780.13
18,4606805.942,8567829.337,780.00
19,4606807.143,8567829.930,779.91
20,4606809.758,8567827.333,779.70
21,4606812.614,8567825.578,779.39
22,4606814.779,8567827.161,778.85
23,4606816.144,8567827.278,778.48
24,4606819.014,8567826.443,778.39
25,4606822.054,8567824.708,778.42
26,4606822.591,8567826.453,778.42
27,4606821.129,8567831.374,778.42
28,4606822.577,8567829.277,778.42
29,4606824.502,8567832.366,778.39
30,4606819.519,8567831.083,778.39
31,4606820.874,8567834.869,778.33
32,4606816.681,8567833.412,778.33
33,4606815.322,8567838.317,778.33
34,4606817.501,8567836.000,778.30
35,4606812.961,8567838.227,778.27
36,4606814.983,8567841.900,778.21
37,4606810.791,8567840.751,778.21
38,4606812.318,8567843.996,778.21
39,4606809.128,8567843.440,778.27
40,4606803.290,8567845.627,778.39
41,4606805.556,8567843.113,778.63
42,4606801.381,8567848.821,779.00
43,4606803.318,8567844.920,779.39
44,4606796.771,8567847.731,779.67
45,4606797.615,8567849.976,779.85
46,4606798.218,8567851.637,779.91
47,4606798.400,8567854.341,780.07
48,4606794.510,8567859.678,780.31
49,4606795.474,8567856.685,780.49
50,4606796.158,8567861.117,780.74
51,4606791.181,8567863.928,780.92
52,4606792.284,8567865.600,780.92
53,4606792.894,8567867.839,780.83
54,4606787.669,8567872.550,780.74
55,4606788.694,8567870.276,780.83
56,4606788.255,8567873.204,780.95
57,4606789.270,8567875.170,780.89
58,4606788.236,8567878.093,780.68
59,4606790.513,8567877.966,780.68
60,4606792.614,8567879.137,780.89
61,4606790.737,8567882.568,780.80
62,4606795.383,8567883.410,780.64
63,4606793.988,8567884.246,780.58
64,4606795.132,8567886.077,780.52
65,4606794.488,8567888.997,780.40
66,4606795.700,8567890.543,780.28
67,4606794.797,8567892.989,780.40
68,4606794.957,8567895.114,780.28
69,4606795.940,8567900.132,780.19
70,4606792.251,8567902.665,780.13
71,4606792.807,8567904.267,780.22
72,4606793.309,8567908.954,780.28
73,4606788.860,8567910.947,780.37
74,4606788.417,8567915.845,780.58
75,4606788.882,8567918.135,780.64
76,4606788.645,8567923.355,780.49
77,4606790.195,8567924.310,780.40
78,4606788.254,8567927.371,780.43
79,4606788.689,8567932.772,780.31
80,4606790.302,8567933.731,780.37
81,4606788.894,8567938.482,780.22
82,4606788.928,8567941.095,780.25
83,4606789.817,8567945.065,780.28
84,4606788.888,8567947.573,780.07
85,4606789.103,8567949.812,780.22
86,4606790.420,8567954.579,780.10
87,4606786.325,8567956.844,779.97
88,4606786.441,8567961.272,779.91
89,4606786.315,8567963.490,780.22
90,4606787.014,8567965.745,780.64
91,4606783.173,8567970.555,780.83
92,4606783.209,8567973.140,780.64
93,4606783.635,8567975.648,780.68
94,4606784.377,8567979.901,780.55
95,4606784.521,8567981.174,780.37
96,4606782.122,8567984.820,780.03
97,4606784.655,8567986.320,780.07
98,4606780.174,8567991.468,780.22
99,4606781.022,8567993.401,780.40
100,4606782.067,8567995.312,780.49
101,4606776.838,8567997.971,780.43
102,4606777.115,8568003.163,780.31
103,4606779.108,8568004.684,780.19
104,4606774.519,8568009.380,780.16
105,4606776.000,8568011.669,780.19
106,4606771.543,8568013.575,780.13
107,4606770.678,8568016.821,780.25
108,4606773.341,8568018.813,780.43
109,4606768.919,8568020.867,780.49
110,4606770.488,8568023.291,780.46
111,4606764.485,8568023.897,780.43
112,4606766.418,8568025.069,780.37
113,4606766.557,8568027.403,780.31
114,4606761.905,8568029.788,780.28
115,4606763.313,8568032.738,780.28
116,4606760.351,8568034.685,780.31
117,4606761.137,8568036.741,780.34
118,4606756.033,8568038.992,780.49
119,4606756.033,8568041.447,780.52
120,4606757.664,8568043.463,780.46
121,4606752.722,8568046.164,780.58
122,4606753.308,8568048.467,780.61
123,4606755.063,8568050.677,780.64
124,4606753.212,8568050.711,780.68
125,4606753.724,8568052.581,780.68
126,4606752.877,8568055.528,780.37
127,4606753.834,8568057.488,780.13
128,4606753.589,8568059.919,779.88
129,4606753.824,8568062.128,779.64
130,4606753.914,8568064.204,779.49
131,4606753.464,8568066.734,779.27
132,4606754.175,8568068.350,779.33
133,4606753.108,8568070.863,779.46
134,4606754.509,8568073.420,779.27
135,4606750.518,8568075.950,779.36
136,4606751.449,8568077.165,779.49
137,4606749.442,8568080.231,779.70
138,4606751.809,8568082.480,779.94
139,4606747.684,8568084.244,780.22
140,4606746.804,8568086.913,780.52
141,4606748.599,8568088.826,780.64
142,4606743.547,8568091.575,780.77
143,4606744.053,8568094.172,780.89
144,4606743.917,8568097.240,781.01
145,4606747.813,8568098.335,781.16
146,4606747.679,8568100.578,781.16
147,4606746.724,8568103.921,781.07
148,4606749.403,8568103.780,781.01
149,4606751.611,8568104.609,780.74
150,4606749.330,8568108.935,780.46
151,4606754.283,8568109.925,780.31
152,4606754.579,8568111.561,780.19
153,4606752.996,8568115.101,779.94
154,4606754.780,8568116.682,779.73
155,4606754.701,8568118.421,779.58
156,4606754.904,8568120.912,779.49
157,4606750.567,8568123.422,779.39
158,4606752.076,8568126.407,779.39
159,4606749.218,8568128.370,779.36
160,4606748.859,8568130.355,779.43
161,4606749.644,8568132.746,779.46
162,4606745.221,8568134.613,779.43
163,4606745.515,8568137.072,779.46
164,4606742.036,8568141.669,779.55
165,4606743.078,8568143.865,779.58
166,4606738.056,8568147.508,779.73
167,4606741.164,8568148.423,779.79
168,4606735.254,8568151.032,779.79
169,4606737.320,8568153.757,779.88
170,4606733.970,8568155.136,779.94
171,4606732.414,8568157.800,780.00
172,4606734.100,8568160.035,780.00
173,4606729.601,8568162.566,780.07
174,4606731.367,8568164.601,780.13
175,4606726.495,8568167.075,780.22
176,4606727.814,8568168.721,780.43
177,4606725.590,8568170.259,780.58
178,4606727.962,8568171.000,780.71
179,4606727.574,8568173.640,780.80
180,4606723.407,8568176.258,780.86
181,4606724.328,8568177.732,781.01
182,4606723.066,8568180.426,781.10
183,4606723.258,8568182.870,781.13
184,4606722.705,8568186.936,781.13
185,4606724.468,8568186.373,781.35
186,4606725.621,8568187.898,781.35
187,4606732.503,8568193.919,780.22
188,4606736.429,8568191.544,780.19
189,4606735.140,8568195.480,780.03
190,4606738.532,8568193.924,779.79
191,4606738.584,8568196.935,779.73
192,4606738.927,8568199.498,779.64
193,4606742.397,8568200.794,779.55
194,4606742.318,8568203.169,779.46
195,4606743.879,8568205.682,779.43
196,4606741.643,8568208.413,779.39
197,4606739.153,8568207.410,779.39
198,4606740.181,8568209.975,779.39
199,4606736.110,8568212.794,779.43
200,4606738.172,8568214.899,779.46
201,4606733.604,8568217.309,779.49
202,4606735.368,8568219.548,779.49
203,4606730.912,8568221.100,779.55
204,4606731.950,8568224.782,779.61
205,4606727.648,8568223.719,779.70
206,4606728.635,8568226.051,779.79
207,4606724.137,8568228.174,779.91
208,4606725.445,8568230.407,779.97
209,4606720.824,8568232.263,780.10
210,4606719.949,8568235.385,780.22
211,4606722.468,8568237.364,780.31
212,4606717.940,8568239.379,780.40
213,4606717.783,8568241.448,780.43
214,4606716.965,8568244.711,780.46
215,4606718.264,8568246.713,780.52
216,4606718.640,8568248.538,780.52
217,4606718.001,8568250.667,780.52
218,4606717.627,8568256.765,780.55
219,4606719.847,8568252.649,780.55
220,4606716.757,8568256.428,780.55
221,4606717.757,8568258.543,780.52
222,4606720.879,8568260.203,780.49
223,4606720.474,8568262.860,780.46
224,4606722.987,8568266.014,780.40
225,4606723.267,8568265.480,780.34
226,4606727.070,8568267.178,780.28
227,4606727.720,8568272.066,780.25
228,4606730.007,8568268.203,780.22
229,4606734.013,8568269.684,780.13
230,4606733.421,8568267.190,780.10
231,4606737.850,8568265.584,780.03
232,4606738.992,8568260.137,779.97
233,4606737.937,8568257.692,779.91
234,4606737.154,8568253.432,779.85
235,4606737.396,8568251.389,779.79
236,4606737.835,8568246.686,779.76
237,4606737.463,8568242.630,779.73
238,4606738.093,8568238.125,779.70
239,4606738.509,8568234.992,779.70
240,4606737.247,8568230.707,779.67
241,4606737.458,8568225.888,779.64
242,4606736.555,8568222.194,779.64
243,4606738.064,8568219.459,779.61
244,4606737.516,8568215.048,779.55
245,4606736.771,8568210.572,779.49
246,4606740.812,8568205.592,779.49
247,4606740.100,8568204.220,779.52
248,4606741.568,8568198.616,779.52
249,4606740.015,8568194.686,779.55
250,4606740.540,8568190.357,779.61
251,4606741.225,8568184.879,779.61
252,4606739.431,8568181.329,779.61
253,4606739.996,8568178.779,779.64
254,4606743.419,8568174.508,779.67
255,4606744.323,8568168.787,779.73
256,4606742.686,8568164.536,779.73
257,4606742.672,8568160.125,779.70
258,4606742.873,8568157.891,779.64
259,4606742.927,8568153.406,779.61
260,4606743.075,8568148.652,779.64
261,4606741.902,8568144.608,779.70
262,4606746.659,8568138.881,779.76
263,4606744.770,8568135.789,779.85
264,4606746.958,8568130.393,780.07
265,4606745.948,8568128.233,780.10
266,4606744.773,8568123.805,780.00
267,4606748.588,8568119.889,780.19
268,4606749.049,8568114.807,780.16
269,4606752.299,8568109.523,780.10
270,4606751.216,8568108.122,780.13
271,4606751.340,8568103.414,780.25
272,4606754.896,8568098.940,780.40
273,4606755.164,8568094.386,780.49
274,4606754.508,8568091.458,780.31
275,4606756.960,8568087.366,780.28
276,4606756.437,8568082.772,780.03
277,4606761.066,8568080.796,779.76
278,4606760.504,8568076.051,779.52
279,4606763.862,8568071.836,779.33
280,4606763.353,8568066.913,779.21
281,4606767.226,8568064.392,779.00
282,4606766.123,8568059.313,778.94
283,4606768.670,8568055.498,778.82
284,4606769.098,8568051.069,778.72
285,4606773.213,8568046.473,778.72
286,4606771.982,8568041.656,778.79
287,4606776.026,8568039.565,778.85
288,4606775.416,8568034.810,779.00
289,4606778.781,8568030.407,779.15
290,4606778.499,8568025.126,779.18
291,4606780.878,8568021.079,779.18
292,4606780.332,8568015.998,779.27
293,4606784.250,8568014.761,779.24
294,4606784.968,8568009.463,779.27
295,4606787.591,8568004.682,779.43
296,4606786.420,8568001.015,779.64
297,4606791.687,8567995.926,779.58
298,4606789.655,8567991.070,779.55
299,4606793.528,8567989.323,779.58
300,4606794.301,8567984.408,779.67
301,4606792.943,8567980.126,779.52
302,4606797.055,8567975.339,779.49
303,4606796.052,8567970.739,779.00
304,4606799.653,8567966.048,778.91
305,4606798.673,8567964.311,779.12
306,4606803.348,8567959.486,779.18
307,4606803.311,8567954.300,779.03
308,4606801.277,8567950.794,778.94
309,4606806.650,8567945.895,778.85
310,4606805.412,8567943.735,778.75
311,4606809.216,8567938.994,778.60
312,4606808.191,8567934.709,778.51
313,4606812.357,8567930.033,778.51
314,4606812.458,8567925.067,778.42
315,4606811.662,8567921.017,778.02
316,4606812.216,8567916.563,777.69
317,4606812.482,8567911.773,777.72
318,4606812.229,8567907.048,777.75
319,4606812.075,8567904.246,777.84
320,4606811.113,8567900.020,777.90
321,4606810.994,8567896.119,778.11
322,4606811.404,8567893.568,778.30
323,4606814.991,8567888.654,778.48
324,4606814.156,8567887.338,778.63
325,4606814.979,8567884.421,778.79
326,4606817.824,8567879.693,778.82
327,4606817.885,8567877.041,778.60
328,4606815.871,8567872.674,778.30
329,4606820.613,8567870.618,778.15
330,4606819.442,8567866.071,778.27
331,4606823.989,8567863.754,778.15
332,4606824.078,8567858.800,778.11
333,4606823.284,8567857.140,777.99
334,4606822.729,8567852.197,777.93
335,4606826.609,8567849.876,778.02
336,4606826.232,8567848.120,778.02
337,4606827.157,8567845.495,778.11
338,4606825.277,8567841.031,778.11
339,4606829.825,8567839.367,778.15
340,4606830.838,8567836.547,778.18
341,4606829.363,8567834.431,778.24
342,4606833.299,8567829.316,778.27
343,4606832.636,8567827.201,778.33
344,4606832.934,8567824.417,778.36
345,4606832.030,8567822.522,778.42
346,4606830.941,8567820.331,778.48
347,4606834.068,8567817.900,778.54
348,4606839.569,8567815.034,778.60
349,4606836.413,8567817.668,778.69
350,4606839.662,8567815.160,778.75
351,4606843.019,8567813.707,778.88
352,4606845.795,8567817.200,778.97
353,4606849.771,8567815.759,779.12
354,4606850.815,8567817.216,779.21
355,4606849.551,8567820.033,779.15
356,4606850.738,8567823.666,779.03
357,4606849.213,8567826.262,779.00
358,4606850.748,8567831.359,778.94
359,4606847.341,8567833.354,778.91
360,4606847.086,8567837.688,778.82
361,4606847.420,8567840.108,778.72
362,4606843.633,8567845.354,778.63
363,4606845.767,8567847.581,778.54
364,4606841.484,8567849.830,778.45
365,4606841.253,8567854.768,778.39
366,4606842.928,8567855.968,778.27
367,4606837.630,8567860.603,778.21
368,4606838.489,8567862.906,778.15
369,4606834.842,8567867.431,778.08
370,4606834.571,8567872.132,777.99
371,4606835.593,8567874.166,777.96
372,4606831.199,8567879.715,777.96
373,4606833.339,8567881.444,777.96
374,4606829.203,8567885.957,777.93
375,4606828.871,8567890.760,777.87
376,4606830.190,8567892.671,777.84
377,4606825.996,8567897.101,777.81
378,4606825.494,8567901.968,777.78
379,4606826.830,8567903.472,777.75
380,4606821.447,8567909.671,777.69
381,4606823.579,8567910.568,777.57
382,4606824.521,8567917.010,777.60
383,4606822.644,8567917.397,777.63
384,4606817.110,8567913.571,777.63
385,4606817.071,8567916.535,777.63
386,4606822.225,8567913.304,777.66
387,4606820.860,8567911.406,777.66
388,4606820.937,8567909.115,777.69
389,4606819.985,8567907.249,777.72
390,4606824.432,8567902.471,777.75
391,4606824.362,8567897.712,777.75
392,4606823.959,8567895.612,777.75
393,4606823.184,8567891.144,777.81
394,4606826.898,8567886.798,777.87
395,4606827.366,8567884.702,777.84
396,4606826.448,8567879.562,777.87
397,4606829.931,8567877.690,777.93
398,4606830.463,8567873.142,777.93
399,4606829.457,8567870.561,777.87
400,4606833.357,8567867.540,777.87
401,4606832.002,8567863.594,777.87
402,4606831.887,8567861.637,777.90
403,4606836.388,8567856.876,777.93
404,4606835.446,8567854.493,777.99
405,4606838.947,8567849.769,778.05
406,4606838.992,8567847.308,778.11
407,4606837.804,8567845.355,778.18
408,4606842.143,8567840.330,778.21
409,4606840.672,8567838.650,778.30
410,4606845.388,8567833.657,778.36
411,4606844.636,8567832.177,778.42
412,4606844.394,8567827.602,778.51
413,4606847.664,8567824.950,778.60
414,4606849.387,8567821.661,778.72
415,4606852.465,8567822.178,778.88
416,4606855.580,8567820.919,778.97
417,4606857.935,8567821.867,779.00
418,4606861.765,8567821.639,779.06
419,4606864.666,8567821.637,779.12
420,4606868.511,8567819.704,779.18
421,4606867.763,8567822.870,779.30
422,4606873.604,8567825.245,779.43
423,4606869.006,8567824.238,779.55
424,4606868.662,8567826.598,779.64
425,4606868.932,8567828.540,779.64
426,4606868.368,8567830.979,779.64
427,4606868.091,8567836.145,779.61
428,4606868.434,8567834.379,779.55
429,4606871.814,8567835.948,779.55
430,4606871.571,8567837.859,779.61
431,4606873.456,8567841.624,779.61
432,4606875.067,8567843.074,779.61
433,4606877.981,8567844.429,779.70
434,4606877.747,8567846.924,779.85
435,4606878.979,8567851.369,780.03
436,4606875.200,8567855.597,780.07
437,4606874.484,8567860.455,780.03
438,4606876.100,8567864.831,780.07
439,4606871.396,8567867.858,779.85
440,4606873.430,8567871.837,779.67
441,4606869.891,8567876.411,779.46
442,4606866.064,8567880.616,779.24
443,4606866.057,8567885.804,779.03
444,4606863.381,8567890.316,778.85
445,4606864.058,8567894.981,778.66
446,4606860.512,8567898.905,778.51
447,4606860.175,8567906.223,778.42
448,4606857.209,8567910.813,778.30
449,4606857.975,8567915.528,778.15
450,4606855.325,8567919.478,778.02
451,4606851.181,8567924.618,777.87
452,4606848.346,8567928.995,777.78
453,4606849.221,8567933.562,777.54
454,4606845.533,8567935.808,777.29
455,4606841.804,8567940.527,777.26
456,4606843.222,8567943.072,777.20
457,4606839.326,8567944.941,777.32
458,4606840.129,8567947.225,777.35
459,4606835.473,8567949.312,777.32
460,4606834.692,8567952.921,777.38
461,4606838.361,8567954.827,777.32
462,4606832.582,8567953.786,777.32
463,4606833.535,8567956.496,777.35
464,4606830.640,8567958.298,777.32
465,4606828.608,8567959.106,777.38
466,4606830.852,8567961.027,777.41
467,4606831.589,8567961.923,777.51
468,4606826.727,8567961.082,777.54
469,4606828.552,8567965.095,777.57
470,4606826.984,8567962.758,777.60
471,4606825.417,8567966.009,777.63
472,4606828.466,8567963.490,777.66
473,4606824.904,8567965.524,777.69
474,4606822.304,8567967.320,777.72
475,4606823.554,8567968.388,777.75
476,4606825.264,8567967.776,777.78
477,4606824.284,8567965.319,777.78
478,4606824.456,8567965.758,777.81
479,4606822.382,8567968.436,777.81
480,4606820.954,8567970.643,777.81
481,4606822.147,8567969.777,777.84
482,4606820.581,8567967.459,777.87
483,4606819.181,8567970.201,777.87
484,4606822.745,8567968.993,777.90
485,4606818.786,8567968.050,777.90
486,4606819.464,8567970.097,777.90
487,4606815.874,8567965.635,777.93
488,4606810.698,8567971.109,777.96
489,4606813.394,8567968.247,777.99
490,4606808.232,8567970.209,778.02
491,4606807.892,8567974.974,778.08
492,4606807.343,8567978.461,778.15
493,4606811.659,8567979.212,778.15
494,4606810.270,8567982.880,778.15
495,4606813.722,8567985.532,778.15
496,4606818.158,8567986.083,778.18
497,4606817.253,8567991.079,778.11
498,4606818.002,8567992.727,778.02
499,4606818.064,8567997.657,778.02
500,4606815.023,8568001.985,777.96
501,4606815.165,8568004.912,777.90
502,4606812.890,8568008.934,777.90
503,4606811.777,8568010.949,777.90
504,4606811.977,8568015.683,777.93
505,4606808.316,8568020.718,777.90
506,4606809.784,8568022.447,777.87
507,4606805.292,8568027.256,777.90
508,4606806.887,8568031.587,777.87
509,4606802.035,8568034.003,777.87
510,4606803.199,8568038.505,777.78
511,4606799.467,8568043.083,777.81
512,4606800.696,8568047.860,777.87
513,4606796.550,8568049.847,777.87
514,4606797.040,8568054.321,777.81
515,4606794.378,8568059.348,777.84
516,4606790.534,8568061.789,777.90
517,4606791.758,8568065.690,777.96
518,4606786.877,8568070.568,777.96
519,4606788.076,8568072.881,777.96
520,4606785.339,8568077.122,777.99
521,4606780.531,8568082.592,778.02
522,4606782.568,8568084.071,778.15
523,4606777.896,8568089.192,778.21
524,4606779.894,8568093.301,778.27
525,4606775.703,8568095.910,778.33
526,4606772.661,8568100.337,778.42
527,4606773.606,8568104.823,778.51
528,4606768.921,8568107.349,778.57
529,4606770.316,8568111.490,778.66
530,4606767.303,8568116.124,778.69
531,4606762.726,8568118.348,778.79
532,4606763.505,8568123.367,778.88
533,4606760.892,8568127.473,778.88
534,4606760.797,8568129.924,778.91
535,4606757.254,8568133.959,778.94
536,4606757.291,8568139.500,778.97
537,4606754.655,8568141.823,779.00
538,4606755.997,8568145.664,778.97
539,4606750.234,8568148.484,778.97
540,4606752.518,8568152.847,779.03
541,4606747.869,8568155.065,779.06
542,4606749.219,8568159.850,779.06
543,4606745.175,8568161.950,779.21
544,4606745.781,8568164.354,779.30
545,4606742.328,8568168.804,779.33
546,4606742.776,8568171.182,779.36
547,4606739.152,8568175.840,779.49
548,4606740.371,8568178.212,779.58
549,4606736.049,8568180.773,779.67
550,4606737.911,8568184.725,779.79
551,4606732.326,8568187.286,779.82
552,4606733.731,8568189.104,779.85
553,4606729.019,8568194.831,779.85
554,4606730.858,8568196.080,779.97
555,4606730.585,8568198.253,780.07
556,4606726.205,8568203.702,780.10
557,4606728.693,8568205.883,780.03
558,4606724.409,8568207.766,780.00
559,4606724.046,8568212.241,779.91
560,4606724.757,8568214.245,779.94
561,4606720.453,8568219.104,780.03
562,4606722.118,8568221.991,780.10
563,4606718.715,8568223.427,780.22
564,4606717.406,8568228.409,780.37
565,4606719.218,8568231.116,780.46
566,4606715.811,8568232.911,780.58
567,4606715.057,8568235.256,780.74
568,4606715.296,8568237.108,780.77
569,4606714.562,8568239.531,780.86
570,4606714.446,8568244.503,780.86
571,4606714.242,8568247.678,780.83
572,4606717.287,8568248.930,780.80
573,4606719.545,8568252.521,780.74
574,4606720.141,8568252.044,780.61
575,4606723.420,8568254.544,780.46
576,4606726.782,8568256.721,780.34
577,4606730.751,8568257.833,780.22
578,4606729.962,8568262.211,780.16
579,4606732.848,8568261.423,780.10
580,4606735.960,8568262.651,780.03
581,4606741.038,8568260.921,779.91
582,4606742.083,8568255.309,779.82
583,4606739.784,8568253.896,779.73
584,4606744.527,8568248.702,779.67
585,4606742.887,8568246.621,779.64
586,4606746.634,8568242.127,779.55
587,4606745.634,8568237.798,779.46
588,4606750.548,8568234.767,779.43
589,4606748.484,8568230.509,779.36
590,4606751.664,8568226.418,779.27
591,4606756.583,8568221.050,779.27
592,4606754.730,8568218.694,779.21
593,4606757.825,8568214.762,779.09
594,4606757.621,8568210.027,779.06
595,4606761.974,8568207.815,779.00
596,4606761.964,8568203.287,778.97
597,4606760.565,8568198.854,778.94
598,4606764.564,8568196.841,778.85
599,4606768.773,8568191.213,778.82
600,4606766.036,8568187.123,778.75
601,4606771.024,8568184.750,778.72
602,4606769.916,8568179.836,778.63
603,4606772.785,8568176.099,778.57
604,4606772.962,8568171.273,778.54
605,4606777.144,8568168.861,778.48
606,4606776.896,8568164.361,778.39
607,4606775.999,8568159.951,778.30
608,4606779.877,8568155.484,778.30
609,4606779.402,8568153.226,778.27
610,4606783.339,8568148.110,778.24
611,4606781.415,8568144.390,778.24
612,4606787.225,8568140.740,778.27
613,4606784.283,8568137.275,778.24
614,4606787.951,8568132.384,778.27
615,4606792.061,8568130.451,778.24
616,4606791.682,8568125.726,778.21
617,4606795.215,8568120.939,778.18
618,4606794.158,8568118.860,778.15
619,4606798.156,8568114.263,778.08
620,4606796.823,8568109.967,778.02
621,4606801.832,8568107.779,777.99
622,4606802.025,8568102.456,777.96
623,4606799.650,8568098.013,777.90
624,4606804.065,8568095.304,777.87
625,4606802.431,8568091.506,777.75
626,4606807.363,8568086.565,777.72
627,4606805.584,8568082.549,777.72
628,4606810.919,8568079.673,777.66
629,4606809.969,8568075.238,777.66
630,4606808.531,8568071.013,777.66
631,4606813.628,8568068.677,777.63
632,4606812.530,8568064.324,777.63
633,4606816.631,8568059.451,777.57
634,4606815.465,8568057.291,777.57
635,4606819.277,8568052.687,777.51
636,4606819.401,8568047.990,777.51
637,4606817.753,8568043.350,777.51
638,4606822.118,8568041.500,777.47
639,4606822.769,8568036.395,777.41
640,4606820.586,8568032.448,777.35
641,4606825.142,8568030.145,777.38
642,4606828.729,8568025.126,777.38
643,4606826.874,8568020.333,777.38
644,4606830.854,8568018.423,777.35
645,4606829.856,8568014.067,777.38
646,4606834.136,8568012.158,777.38
647,4606838.536,8568006.156,777.32
648,4606835.216,8568002.371,777.32
649,4606840.602,8568000.304,777.32
650,4606840.914,8567995.291,777.35
651,4606839.407,8567993.219,777.35
652,4606843.375,8567988.259,777.41
653,4606841.952,8567986.515,777.44
654,4606846.343,8567982.117,777.38
655,4606846.051,8567979.501,777.35
656,4606849.351,8567974.421,777.35
657,4606848.735,8567969.969,777.35
658,4606847.841,8567967.846,777.38
659,4606851.660,8567963.556,777.38
660,4606851.416,8567961.341,777.41
661,4606855.395,8567956.660,777.41
662,4606854.532,8567954.358,777.41
663,4606858.167,8567949.860,777.47
664,4606857.158,8567945.483,777.51
665,4606861.993,8567942.563,777.51
666,4606859.465,8567938.128,777.54
667,4606864.172,8567936.847,777.54
668,4606864.317,8567931.412,777.51
669,4606867.217,8567929.048,777.51
670,4606865.801,8567924.475,777.57
671,4606870.287,8567922.398,777.63
672,4606869.148,8567918.048,777.75
673,4606874.017,8567915.361,777.78
674,4606871.890,8567910.350,777.90
675,4606875.521,8567908.887,777.99
676,4606876.909,8567905.189,777.99
677,4606879.906,8567903.840,777.99
678,4606879.037,8567899.816,777.99
679,4606878.542,8567897.139,778.42
680,4606882.466,8567894.818,778.66
681,4606881.817,8567893.480,778.82
682,4606882.327,8567890.849,778.97
683,4606884.232,8567887.309,779.12
684,4606887.426,8567885.298,779.15
685,4606887.618,8567887.457,779.30
686,4606887.005,8567888.128,779.46
687,4606887.100,8567890.685,779.58
688,4606889.927,8567892.890,779.55
689,4606890.061,8567894.389,779.58
690,4606894.140,8567895.916,779.58
691,4606899.294,8567899.348,779.64
692,4606896.612,8567897.330,779.67
693,4606899.178,8567901.466,779.70
694,4606902.796,8567900.551,779.70
695,4606905.448,8567901.478,779.76
696,4606910.203,8567899.016,779.88
697,4606909.562,8567901.411,780.07
698,4606909.782,8567903.231,780.13
699,4606910.349,8567908.025,780.16
700,4606906.223,8567910.653,780.03
701,4606906.795,8567915.054,779.82
702,4606907.572,8567917.256,779.64
703,4606903.734,8567921.590,779.33
704,4606903.038,8567926.586,779.15
705,4606904.579,8567928.482,778.97
706,4606900.446,8567932.969,778.75
707,4606900.064,8567938.012,778.57
708,4606902.013,8567942.447,778.45
709,4606897.480,8567945.240,778.33
710,4606898.451,8567949.139,778.24
711,4606898.919,8567953.624,778.11
712,4606894.190,8567956.326,778.05
713,4606895.669,8567960.801,777.99
714,4606891.859,8567965.685,777.93
715,4606893.149,8567967.683,777.84
716,4606889.311,8567971.778,777.81
717,4606889.172,8567974.080,777.78
718,4606885.255,8567978.988,777.78
719,4606886.987,8567983.223,777.78
720,4606881.982,8567985.661,777.75
721,4606883.193,8567989.745,777.72
722,4606880.164,8567995.182,777.63
723,4606876.976,8567996.741,777.60
724,4606876.688,8568001.935,777.60
725,4606874.292,8568005.916,777.57
726,4606873.779,8568008.376,777.54
727,4606869.977,8568013.934,777.54
728,4606872.254,8568017.573,777.51
729,4606868.631,8568022.385,777.51
730,4606864.400,8568024.461,777.51
731,4606864.993,8568029.371,777.51
732,4606862.269,8568033.458,777.51
733,4606862.115,8568035.304,777.47
734,4606858.205,8568039.962,777.41
735,4606854.129,8568045.479,777.41
736,4606856.254,8568046.981,777.41
737,4606851.713,8568051.672,777.41
738,4606852.545,8568056.416,777.41
739,4606850.478,8568061.223,777.44
740,4606846.192,8568063.535,777.47
741,4606847.201,8568067.839,777.47
742,4606843.043,8568072.582,777.51
743,4606844.003,8568074.660,777.54
744,4606839.916,8568079.652,777.57
745,4606841.340,8568083.623,777.57
746,4606836.553,8568088.690,777.60
747,4606838.061,8568090.629,777.63
748,4606833.981,8568095.252,777.69
749,4606834.809,8568099.729,777.75
750,4606832.286,8568104.380,777.78
751,4606827.715,8568106.574,777.84
752,4606828.558,8568110.838,777.90
753,4606824.112,8568116.170,777.87
754,4606825.872,8568118.296,777.93
755,4606822.233,8568122.985,777.99
756,4606823.169,8568126.755,778.05
757,4606817.616,8568133.075,778.05
758,4606820.690,8568134.155,778.08
759,4606816.899,8568138.576,778.08
760,4606812.839,8568143.102,778.05
761,4606813.505,8568145.495,778.11
762,4606810.023,8568149.574,778.18
763,4606810.418,8568154.418,778.27
764,4606807.147,8568156.596,778.24
765,4606803.217,8568161.587,778.24
766,4606805.035,8568165.971,778.21
767,4606800.328,8568168.371,778.18
768,4606801.866,8568172.666,778.21
769,4606796.992,8568175.612,778.18
770,4606798.881,8568179.733,778.21
771,4606794.521,8568184.646,778.18
772,4606795.803,8568186.406,778.27
773,4606792.182,8568191.309,778.27
774,4606788.985,8568195.683,778.27
775,4606789.250,8568198.271,778.27
776,4606785.984,8568202.855,778.30
777,4606787.266,8568206.881,778.39
778,4606781.796,8568209.373,778.45
779,4606783.067,8568213.847,778.45
780,4606779.152,8568218.924,778.54
781,4606779.712,8568221.168,778.63
782,4606780.791,8568224.903,778.69
783,4606775.157,8568231.191,778.75
784,4606778.092,8568231.878,778.85
785,4606772.692,8568237.445,778.97
786,4606774.556,8568240.848,779.00
787,4606773.594,8568243.545,779.06
788,4606770.071,8568248.806,779.12
789,4606771.348,8568250.053,779.18
790,4606770.698,8568252.877,779.30
791,4606767.782,8568257.423,779.39
792,4606767.524,8568259.799,779.49
793,4606767.641,8568262.056,779.52
794,4606768.510,8568264.360,779.58
795,4606764.966,8568268.777,779.67
796,4606765.786,8568271.158,779.76
797,4606761.400,8568273.793,779.85
798,4606761.083,8568279.827,779.94
799,4606765.986,8568279.856,780.10
800,4606763.562,8568282.868,780.28
801,4606766.520,8568287.034,780.40
802,4606767.118,8568285.867,780.58
803,4606770.123,8568288.580,780.74
804,4606772.962,8568289.072,780.86
805,4606778.206,8568286.569,781.04
806,4606775.801,8568288.971,781.04
807,4606780.345,8568289.884,781.16
808,4606785.394,8568284.594,781.19
809,4606783.489,8568286.937,781.16
810,4606782.280,8568284.192,781.13
811,4606786.074,8568283.051,781.10
812,4606788.299,8568279.233,780.98
813,4606786.139,8568277.933,780.89
814,4606786.795,8568275.869,780.74
815,4606785.880,8568271.104,780.61
816,4606790.022,8568269.121,780.49
817,4606789.059,8568266.803,780.34
818,4606792.355,8568264.533,780.19
819,4606795.269,8568261.850,780.13
820,4606798.962,8568260.136,780.07
821,4606798.872,8568257.579,779.97
822,4606801.092,8568253.725,780.07
823,4606806.981,8568250.780,780.03
824,4606805.142,8568245.926,780.00
825,4606806.860,8568241.641,780.00
826,4606812.063,8568238.915,779.97
827,4606810.436,8568234.324,779.94
828,4606813.673,8568230.328,779.85
829,4606814.018,8568227.550,779.85
830,4606816.214,8568223.538,779.85
831,4606821.180,8568218.397,779.79
832,4606819.086,8568214.167,779.67
833,4606824.009,8568211.786,779.67
834,4606822.898,8568207.420,779.76
835,4606826.960,8568202.370,779.67
836,4606825.068,8568198.237,779.58
837,4606830.183,8568195.491,779.55
838,4606828.371,8568191.460,779.55
839,4606832.748,8568187.442,779.46
840,4606832.536,8568182.658,779.39
841,4606836.699,8568179.632,779.43
842,4606834.785,8568175.475,779.49
843,4606838.983,8568170.606,779.46
844,4606837.787,8568165.801,779.43
845,4606839.777,8568161.896,779.43
846,4606845.619,8568159.184,779.36
847,4606844.067,8568154.615,779.30
848,4606847.651,8568149.698,779.30
849,4606845.864,8568145.708,779.27
850,4606851.293,8568143.274,779.21
851,4606849.971,8568138.858,779.15
852,4606853.790,8568134.656,779.18
853,4606853.730,8568129.779,779.12
854,4606857.045,8568124.958,779.06
855,4606855.923,8568122.700,779.06
856,4606859.541,8568118.620,779.09
857,4606859.689,8568113.392,779.03
858,4606862.224,8568109.370,778.94
859,4606861.898,8568104.404,778.94
860,4606865.809,8568102.429,778.82
861,4606865.263,8568098.316,778.66
862,4606869.873,8568093.258,778.57
863,4606867.968,8568088.723,778.42
864,4606872.367,8568086.392,778.42
865,4606871.387,8568081.785,778.42
866,4606874.116,8568077.311,778.39
867,4606878.206,8568072.632,778.27
868,4606876.928,8568068.021,778.21
869,4606881.288,8568065.378,778.08
870,4606879.877,8568061.137,777.96
871,4606884.101,8568056.033,777.90
872,4606882.004,8568051.832,777.81
873,4606887.032,8568049.798,777.81
874,4606886.394,8568045.229,777.81
875,4606888.691,8568040.234,777.84
876,4606892.704,8568038.505,777.81
877,4606892.507,8568033.967,777.75
878,4606896.273,8568029.520,777.75
879,4606895.885,8568026.996,777.78
880,4606899.381,8568022.091,777.78
881,4606898.089,8568020.546,777.81
882,4606903.137,8568015.273,777.81
883,4606901.413,8568013.011,777.81
884,4606904.688,8568008.771,777.78
885,4606904.176,8568005.768,777.81
886,4606907.436,8568003.856,777.81
887,4606907.443,8568000.144,777.75
888,4606907.845,8567997.427,777.87
889,4606911.737,8567994.869,777.87
890,4606909.963,8567990.547,777.90
891,4606914.828,8567988.212,777.93
892,4606913.222,8567985.335,777.99
893,4606916.718,8567983.963,778.05
894,4606918.377,8567978.408,778.08
895,4606916.885,8567976.784,778.08
896,4606916.077,8567974.512,778.11
897,4606920.736,8567972.202,778.18
898,4606920.468,8567967.891,778.27
899,4606921.354,8567964.338,778.30
900,4606918.226,8567962.580,778.33
901,4606922.815,8567960.860,778.48
902,4606923.708,8567958.207,778.54
903,4606922.320,8567956.742,778.60
904,4606927.594,8567951.123,778.66
905,4606926.059,8567949.515,778.72
906,4606925.327,8567947.262,778.91
907,4606930.124,8567944.463,778.97
908,4606927.349,8567941.593,779.03
909,4606930.458,8567941.008,779.24
910,4606936.015,8567944.764,779.58
911,4606933.861,8567942.677,779.91
912,4606937.224,8567944.195,780.10
913,4606936.760,8567948.817,780.28
914,4606941.233,8567946.594,780.40
915,4606940.168,8567949.164,780.43
916,4606943.016,8567951.158,780.52
917,4606944.119,8567952.640,780.49
918,4606942.954,8567955.474,780.52
919,4606943.905,8567959.393,780.55
920,4606943.585,8567962.546,780.46
921,4606941.015,8567967.525,780.25
922,4606941.872,8567968.510,779.97
923,4606940.850,8567973.341,779.79
924,4606937.324,8567978.195,779.76
925,4606937.621,8567980.341,779.79
926,4606938.475,8567984.316,779.79
927,4606933.678,8567989.422,779.49
928,4606934.252,8567994.219,779.27
929,4606935.924,8567999.177,779.06
930,4606932.328,8568001.546,779.09
931,4606933.338,8568006.010,779.09
932,4606929.551,8568010.390,779.06
933,4606929.613,8568014.183,779.12
934,4606928.992,8568016.790,778.97
935,4606925.658,8568021.393,778.63
936,4606925.421,8568024.022,778.63
937,4606927.293,8568028.152,778.72
938,4606922.054,8568030.865,778.79
939,4606924.102,8568033.193,778.85
940,4606920.030,8568035.270,778.97
941,4606920.002,8568036.854,778.91
942,4606919.875,8568041.936,778.97
943,4606916.244,8568045.235,778.97
944,4606918.610,8568048.814,779.12
945,4606913.487,8568053.625,779.46
946,4606914.677,8568055.646,779.67
947,4606910.680,8568060.063,779.55
948,4606911.527,8568063.084,779.36
949,4606908.312,8568064.898,779.49
950,4606907.354,8568070.073,779.49
951,4606909.707,8568072.314,779.61
952,4606905.513,8568073.668,779.67
953,4606903.964,8568076.535,779.79
954,4606904.715,8568078.529,779.70
955,4606905.949,8568083.022,779.88
956,4606901.302,8568085.105,780.03
957,4606900.884,8568087.872,780.16
958,4606902.827,8568089.877,780.49
959,4606898.026,8568092.859,780.71
960,4606898.921,8568097.927,780.83
961,4606900.943,8568095.042,780.89
962,4606895.956,8568097.269,780.86
963,4606898.035,8568100.440,780.89
964,4606894.233,8568099.242,780.86
965,4606890.242,8568104.801,780.86
966,4606891.989,8568100.044,780.77
967,4606888.373,8568101.091,780.49
968,4606883.537,8568096.453,780.28
969,4606884.621,8568100.607,779.97
970,4606881.842,8568099.167,779.64
971,4606877.858,8568101.508,779.49
972,4606875.912,8568105.429,779.36
973,4606872.735,8568103.657,779.36
974,4606868.452,8568106.423,779.24
975,4606866.287,8568108.820,779.12
976,4606863.451,8568111.445,779.03
977,4606859.698,8568112.983,778.97
978,4606859.841,8568115.410,778.94
979,4606856.672,8568117.915,778.97
980,4606854.173,8568120.692,778.97
981,4606851.648,8568122.500,778.88
982,4606847.679,8568124.766,778.85
983,4606844.283,8568127.212,778.72
984,4606842.139,8568131.721,778.69
985,4606837.243,8568134.214,778.66
986,4606838.581,8568136.203,778.69
987,4606835.864,8568140.782,778.63
988,4606831.153,8568142.843,778.54
989,4606832.272,8568147.785,778.54
990,4606829.343,8568149.806,778.57
991,4606825.351,8568154.122,778.57
992,4606825.586,8568156.431,778.63
993,4606823.166,8568161.438,778.63
994,4606819.201,8568163.360,778.63
995,4606819.851,8568168.583,778.63
996,4606816.606,8568171.014,778.60
997,4606818.271,8568174.864,778.60
998,4606812.528,8568176.995,778.60
999,4606813.894,8568181.539,778.60
1000,4606809.386,8568183.860,778.54
1001,4606810.794,8568189.054,778.54
1002,4606808.724,8568191.014,778.54
1003,4606803.655,8568193.443,778.51
1004,4606805.430,8568198.280,778.57
1005,4606802.238,8568199.893,778.63
1006,4606797.578,8568204.375,778.57
1007,4606798.035,8568207.311,778.60
1008,4606795.853,8568211.241,778.63
1009,4606795.253,8568213.398,778.69
1010,4606792.490,8568218.890,778.72
1011,4606789.437,8568220.489,778.75
1012,4606789.644,8568225.506,778.72
1013,4606785.885,8568227.893,778.75
1014,4606786.390,8568231.890,778.82
1015,4606785.428,8568234.368,778.88
1016,4606785.545,8568236.755,779.03
1017,4606785.945,8568241.015,779.09
1018,4606785.493,8568243.462,779.18
1019,4606785.725,8568247.935,779.24
1020,4606785.337,8568250.666,779.30
1021,4606785.425,8568252.255,779.39
1022,4606787.494,8568255.186,779.46
1023,4606789.001,8568259.746,779.58
1024,4606789.424,8568261.861,779.67
1025,4606789.400,8568263.982,779.76
1026,4606788.288,8568267.386,779.91
1027,4606792.285,8568268.621,780.03
1028,4606793.774,8568273.415,780.16
1029,4606789.833,8568275.088,780.28
1030,4606790.703,8568277.813,780.37
1031,4606787.620,8568280.318,780.52
1032,4606785.702,8568276.265,780.64
1033,4606782.045,8568277.153,780.64
1034,4606778.802,8568273.888,780.61
1035,4606775.548,8568274.034,780.58
1036,4606771.833,8568273.714,780.46
1037,4606770.093,8568269.327,780.34
1038,4606764.443,8568272.074,780.19
1039,4606767.366,8568270.168,780.07
1040,4606763.332,8568267.745,780.03
1041,4606760.586,8568267.478,779.97
1042,4606756.747,8568266.032,779.91
1043,4606754.542,8568264.622,779.85
1044,4606750.573,8568266.105,779.79
1045,4606748.009,8568263.603,779.76
1046,4606745.523,8568263.901,779.73
1047,4606741.627,8568260.122,779.73
1048,4606738.102,8568262.389,779.70
1049,4606735.871,8568258.040,779.70
1050,4606730.909,8568260.898,779.73
1051,4606732.884,8568256.527,779.79
1052,4606729.666,8568257.060,779.85
1053,4606726.030,8568253.627,779.97
1054,4606722.855,8568254.975,780.07
1055,4606719.051,8568254.170,780.19
1056,4606719.725,8568251.803,780.37
1057,4606720.137,8568248.682,780.49
1058,4606718.724,8568247.109,780.52
1059,4606718.090,8568244.271,780.52
1060,4606721.610,8568242.320,780.49
1061,4606722.299,8568239.694,780.46
1062,4606721.444,8568238.157,780.46
1063,4606721.322,8568235.660,780.43
1064,4606726.326,8568231.436,780.43
1065,4606723.075,8568232.085,780.46
1066,4606725.997,8568231.689,780.40
1067,4606729.547,8568234.228,780.22
1068,4606732.949,8568236.672,780.10
1069,4606735.510,8568236.976,779.94
1070,4606741.882,8568235.524,779.82
1071,4606744.827,8568239.700,779.67
1072,4606748.661,8568237.782,779.55
1073,4606751.151,8568241.858,779.46
1074,4606754.776,8568240.232,779.39
1075,4606757.486,8568243.926,779.33
1076,4606763.902,8568242.015,779.30
1077,4606766.153,8568245.026,779.33
1078,4606769.756,8568246.732,779.33
1079,4606772.617,8568250.342,779.33
1080,4606775.988,8568249.258,779.36
1081,4606779.123,8568252.727,779.36
1082,4606782.386,8568251.653,779.43
1083,4606785.784,8568255.328,779.49
1084,4606785.461,8568253.924,779.52
1085,4606788.670,8568257.306,779.55
1086,4606791.734,8568256.056,779.61
1087,4606795.610,8568256.904,779.73
1088,4606794.914,8568261.743,779.79
1089,4606797.109,8568258.805,779.94
1090,4606802.202,8568259.681,780.10
1091,4606801.472,8568257.626,780.13
1092,4606805.597,8568253.042,780.13
1093,4606805.854,8568250.517,780.16
1094,4606804.163,8568248.412,780.16
1095,4606808.923,8568245.902,780.03
1096,4606807.156,8568243.890,780.03
1097,4606812.035,8568241.408,780.07
1098,4606812.498,8568237.801,780.07
1099,4606809.087,8568235.408,780.00
1100,4606806.489,8568235.425,779.85
1101,4606802.536,8568232.417,779.76
1102,4606799.697,8568233.781,779.58
1103,4606796.796,8568230.386,779.46
1104,4606793.739,8568231.586,779.27
1105,4606790.854,8568229.382,779.15
1106,4606787.794,8568226.369,779.09
1107,4606784.840,8568226.814,779.00
1108,4606781.361,8568224.960,778.94
1109,4606778.465,8568221.818,778.91
1110,4606775.510,8568222.708,778.91
1111,4606772.245,8568219.317,778.97
1112,4606768.950,8568219.956,778.97
1113,4606765.621,8568218.390,778.97
1114,4606763.074,8568215.709,778.97
1115,4606759.713,8568213.838,778.97
1116,4606756.771,8568210.448,778.97
1117,4606753.597,8568211.597,778.97
1118,4606750.620,8568208.471,779.00
1119,4606744.125,8568207.406,779.03
1120,4606747.602,8568206.846,779.09
1121,4606744.371,8568204.341,779.15
1122,4606741.863,8568204.830,779.27
1123,4606738.412,8568202.593,779.33
1124,4606735.192,8568199.596,779.39
1125,4606732.298,8568199.745,779.55
1126,4606728.684,8568200.581,779.70
1127,4606728.270,8568197.689,779.85
1128,4606724.433,8568196.606,780.07
1129,4606723.199,8568192.223,780.34
1130,4606728.065,8568190.023,780.52
1131,4606727.235,8568187.794,780.68
1132,4606731.170,8568182.805,780.71
1133,4606730.541,8568180.913,780.77
1134,4606730.254,8568178.288,780.68
1135,4606733.474,8568173.593,780.64
1136,4606733.547,8568171.066,780.58
1137,4606731.740,8568167.142,780.40
1138,4606736.832,8568161.810,780.31
1139,4606734.603,8568163.742,780.22
1140,4606738.703,8568166.754,780.10
1141,4606741.818,8568166.740,779.94
1142,4606747.775,8568165.413,779.82
1143,4606750.369,8568167.415,779.61
1144,4606752.656,8568168.078,779.43
1145,4606756.904,8568169.698,779.21
1146,4606759.671,8568172.583,779.09
1147,4606765.401,8568171.394,778.97
1148,4606768.394,8568174.764,778.82
1149,4606772.519,8568176.499,778.69
1150,4606775.617,8568180.289,778.57
1151,4606778.765,8568178.662,778.54
1152,4606784.064,8568180.996,778.45
1153,4606787.604,8568183.777,778.42
1154,4606791.159,8568184.924,778.36
1155,4606793.413,8568186.982,778.33
1156,4606796.309,8568190.907,778.33
1157,4606800.138,8568190.398,778.30
1158,4606803.579,8568192.009,778.33
1159,4606806.204,8568194.370,778.36
1160,4606809.332,8568197.122,778.51
1161,4606812.922,8568199.808,778.60
1162,4606815.498,8568199.003,778.72
1163,4606818.653,8568200.846,778.85
1164,4606821.354,8568202.825,778.94
1165,4606825.567,8568203.674,779.12
1166,4606823.745,8568205.585,779.27
1167,4606827.966,8568209.321,779.49
1168,4606834.524,8568208.363,779.73
1169,4606832.053,8568209.434,779.94
1170,4606836.244,8568206.769,780.31
1171,4606834.184,8568204.596,780.55
1172,4606838.484,8568203.065,780.64
1173,4606839.371,8568201.173,780.58
1174,4606840.930,8568196.686,780.68
1175,4606837.922,8568195.924,780.61
1176,4606839.080,8568193.575,780.46
1177,4606839.197,8568188.863,780.22
1178,4606837.621,8568186.274,780.07
1179,4606841.370,8568184.390,779.94
1180,4606842.734,8568181.344,779.88
1181,4606839.472,8568178.999,779.94
1182,4606838.900,8568175.127,779.97
1183,4606836.068,8568176.181,779.91
1184,4606833.036,8568173.395,779.73
1185,4606827.318,8568174.010,779.52
1186,4606823.917,8568171.693,779.27
1187,4606820.655,8568169.082,779.09
1188,4606818.480,8568170.136,778.91
1189,4606812.601,8568167.578,778.79
1190,4606808.771,8568164.861,778.60
1191,4606805.128,8568162.364,778.48
1192,4606802.677,8568163.189,778.33
1193,4606799.507,8568160.486,778.27
1194,4606793.202,8568158.768,778.21
1195,4606790.148,8568155.853,778.21
1196,4606786.486,8568154.887,778.21
1197,4606784.398,8568151.563,778.21
1198,4606780.565,8568150.103,778.21
1199,4606777.923,8568146.586,778.24
1200,4606774.665,8568147.237,778.27
1201,4606771.401,8568145.639,778.36
1202,4606768.908,8568143.066,778.42
1203,4606766.233,8568142.787,778.54
1204,4606762.186,8568140.714,778.66
1205,4606759.109,8568138.876,778.79
1206,4606756.275,8568135.578,778.88
1207,4606753.252,8568136.159,778.94
1208,4606746.346,8568132.306,779.03
1209,4606746.390,8568134.405,779.21
1210,4606743.059,8568132.792,779.43
1211,4606741.278,8568127.998,779.94
1212,4606745.139,8568126.413,780.25
1213,4606745.372,8568124.267,780.40
1214,4606749.839,8568118.641,780.40
1215,4606747.132,8568116.522,780.22
1216,4606751.408,8568114.643,780.16
1217,4606751.719,8568110.459,780.10
1218,4606751.125,8568105.697,780.10
1219,4606753.297,8568102.464,780.22
1220,4606755.858,8568100.709,780.34
1221,4606758.606,8568105.318,780.34
1222,4606762.770,8568103.616,780.03
1223,4606765.203,8568105.020,779.67
1224,4606767.464,8568108.051,779.30
1225,4606771.160,8568110.989,779.12
1226,4606774.946,8568112.241,778.88
1227,4606777.288,8568115.373,778.69
1228,4606783.794,8568116.494,778.57
1229,4606786.332,8568119.724,778.42
1230,4606790.205,8568121.451,778.33
1231,4606793.039,8568124.728,778.24
1232,4606796.282,8568124.517,778.18
1233,4606799.907,8568126.699,778.15
1234,4606805.752,8568128.484,778.11
1235,4606808.828,8568130.345,778.08
1236,4606811.632,8568133.613,778.08
1237,4606815.566,8568134.949,778.05
1238,4606818.012,8568137.671,778.05
1239,4606821.361,8568140.232,778.11
1240,4606827.475,8568141.207,778.18
1241,4606829.841,8568143.644,778.24
1242,4606833.035,8568146.575,778.30
1243,4606836.832,8568149.333,778.39
1244,4606840.575,8568151.968,778.57
1245,4606843.965,8568149.624,778.75
1246,4606842.724,8568152.852,778.94
1247,4606845.717,8568155.685,779.09
1248,4606849.274,8568158.123,779.24
1249,4606853.657,8568159.486,779.39
1250,4606852.457,8568156.069,779.61
1251,4606855.624,8568156.588,779.88
1252,4606858.521,8568154.507,780.07
1253,4606863.225,8568152.696,780.22
1254,4606862.443,8568149.989,780.31
1255,4606864.490,8568147.302,780.49
1256,4606865.530,8568147.992,780.64
1257,4606868.720,8568145.681,780.71
1258,4606873.076,8568142.782,780.86
1259,4606871.853,8568138.931,781.13
1260,4606873.492,8568134.088,781.19
1261,4606869.942,8568134.574,781.28
1262,4606867.372,8568135.721,780.98
1263,4606864.367,8568132.237,780.74
1264,4606860.440,8568131.144,780.46
1265,4606855.451,8568128.153,779.97
1266,4606852.061,8568128.446,779.67
1267,4606848.374,8568125.909,779.36
1268,4606844.930,8568123.726,779.03
1269,4606841.899,8568121.956,778.75
1270,4606839.234,8568120.207,778.57
1271,4606836.631,8568117.340,778.48
1272,4606829.839,8568112.145,778.30
1273,4606827.057,8568113.219,778.21
1274,4606824.048,8568110.613,778.15
1275,4606820.641,8568108.795,778.02
1276,4606817.831,8568106.051,777.99
1277,4606814.372,8568103.549,777.93
1278,4606808.206,8568101.272,777.87
1279,4606804.673,8568099.915,777.84
1280,4606802.244,8568096.515,777.84
1281,4606798.261,8568095.475,777.78
1282,4606796.061,8568092.266,777.78
1283,4606792.258,8568089.632,777.81
1284,4606789.679,8568090.004,777.84
1285,4606783.380,8568088.778,777.93
1286,4606779.946,8568087.536,778.05
1287,4606780.770,8568082.685,778.21
1288,4606777.048,8568083.965,778.27
1289,4606774.239,8568081.340,778.36
1290,4606770.865,8568080.158,778.45
1291,4606768.499,8568076.055,778.54
1292,4606764.693,8568076.713,778.54
1293,4606761.415,8568075.402,778.66
1294,4606758.268,8568073.989,778.82
1295,4606758.278,8568071.653,779.03
1296,4606758.424,8568068.902,779.24
1297,4606756.812,8568066.932,779.30
1298,4606760.806,8568062.217,779.27
1299,4606759.319,8568059.834,779.27
1300,4606763.682,8568058.016,779.06
1301,4606764.399,8568053.028,779.03
1302,4606762.981,8568050.958,779.12
1303,4606764.810,8568045.166,779.12
1304,4606767.726,8568045.707,779.27
1305,4606771.169,8568044.194,779.43
1306,4606773.842,8568047.391,779.30
1307,4606777.694,8568049.191,779.03
1308,4606780.506,8568051.418,778.63
1309,4606783.526,8568053.331,778.39
1310,4606786.323,8568056.172,778.30
1311,4606789.858,8568057.345,778.24
1312,4606792.112,8568060.738,778.11
1313,4606798.849,8568061.906,778.02
1314,4606801.602,8568064.403,777.93
1315,4606805.119,8568069.617,777.84
1316,4606808.509,8568071.201,777.75
1317,4606811.080,8568073.976,777.69
1318,4606814.535,8568075.411,777.69
1319,4606817.124,8568079.229,777.63
1320,4606823.775,8568078.605,777.57
1321,4606827.197,8568080.079,777.57
1322,4606829.717,8568083.138,777.54
1323,4606833.438,8568085.851,777.54
1324,4606839.820,8568086.903,777.54
1325,4606842.262,8568090.045,777.57
1326,4606846.036,8568092.565,777.63
1327,4606848.498,8568091.780,777.72
1328,4606851.645,8568093.993,777.75
1329,4606857.712,8568097.479,777.81
1330,4606861.350,8568096.181,777.99
1331,4606864.102,8568097.798,778.11
1332,4606866.593,8568100.912,778.21
1333,4606869.675,8568100.893,778.30
1334,4606873.524,8568102.808,778.45
1335,4606876.609,8568106.134,778.66
1336,4606879.590,8568104.830,778.91
1337,4606882.477,8568107.930,779.15
1338,4606887.375,8568108.603,779.46
1339,4606885.797,8568106.658,779.97
1340,4606890.844,8568104.878,780.22
1341,4606890.305,8568102.388,780.31
1342,4606894.773,8568098.899,780.34
1343,4606891.862,8568097.457,780.28
1344,4606896.111,8568095.100,780.43
1345,4606898.359,8568090.756,780.07
1346,4606903.686,8568087.692,780.25
1347,4606902.094,8568086.349,780.25
1348,4606903.041,8568084.261,780.55
1349,4606904.339,8568079.703,780.55
1350,4606900.688,8568079.552,780.43
1351,4606894.499,8568079.429,779.82
1352,4606898.102,8568077.872,779.43
1353,4606893.399,8568076.699,779.27
1354,4606893.938,8568072.859,778.91
1355,4606888.629,8568073.492,778.75
1356,4606890.781,8568075.119,778.63
1357,4606891.725,8568070.714,778.54
1358,4606887.685,8568072.370,778.27
1359,4606887.630,8568067.484,778.18
1360,4606887.788,8568068.235,778.08
1361,4606884.234,8568067.315,777.99
1362,4606883.700,8568070.186,777.96
1363,4606882.050,8568066.370,777.96
1364,4606883.280,8568068.265,777.96
1365,4606884.788,8568067.823,777.96
1366,4606883.196,8568062.853,777.96
1367,4606882.702,8568065.899,777.93
1368,4606885.540,8568064.568,777.93
1369,4606881.422,8568063.209,777.93
1370,4606880.706,8568060.346,777.93
1371,4606880.330,8568063.759,777.87
1372,4606881.451,8568061.215,777.87
1373,4606881.696,8568056.174,777.87
1374,4606881.249,8568056.667,777.90
1375,4606877.566,8568059.006,777.87
1376,4606878.787,8568054.971,777.78
1377,4606875.913,8568054.787,777.75
1378,4606871.421,8568053.648,777.72
1379,4606872.172,8568054.882,777.66
1380,4606867.674,8568054.430,777.66
1381,4606869.311,8568056.472,777.66
1382,4606866.620,8568059.863,777.66
1383,4606863.901,8568060.594,777.66
1384,4606863.618,8568060.049,777.69
1385,4606859.926,8568056.767,777.69
1386,4606856.842,8568058.106,777.66
1387,4606854.089,8568055.600,777.57
1388,4606850.987,8568053.615,777.54
1389,4606848.641,8568053.071,777.51
1390,4606844.423,8568051.443,777.51
1391,4606841.675,8568048.348,777.51
1392,4606835.200,8568046.445,777.47
1393,4606832.839,8568046.690,777.41
1394,4606829.209,8568044.944,777.38
1395,4606826.449,8568041.974,777.41
1396,4606823.003,8568040.377,777.41
1397,4606820.989,8568040.118,777.41
1398,4606817.010,8568037.766,777.44
1399,4606813.589,8568034.790,777.47
1400,4606810.707,8568035.685,777.51
1401,4606807.403,8568032.295,777.60
1402,4606804.284,8568033.646,777.66
1403,4606801.356,8568030.234,777.72
1404,4606798.335,8568031.674,777.81
1405,4606795.583,8568029.401,777.99
1406,4606792.324,8568025.415,778.11
1407,4606788.456,8568026.324,778.27
1408,4606784.312,8568025.508,778.36
1409,4606785.710,8568022.161,778.51
1410,4606781.610,8568021.670,778.72
1411,4606783.290,8568018.344,778.75
1412,4606779.406,8568013.723,778.88
1413,4606778.127,8568012.105,779.21
1414,4606778.753,8568009.827,779.58
1415,4606777.540,8568007.481,779.88
1416,4606781.962,8568005.278,780.07
1417,4606782.234,8568002.581,780.13
1418,4606780.185,8568000.722,780.13
1419,4606785.196,8567998.503,780.10
1420,4606783.226,8567993.257,780.13
1421,4606786.120,8567992.768,780.22
1422,4606788.786,8567992.577,780.31
1423,4606795.506,8567995.452,780.03
1424,4606798.437,8567993.365,779.73
1425,4606800.644,8567996.905,779.33
1426,4606804.865,8567999.807,778.97
1427,4606807.638,8567999.085,778.63
1428,4606813.687,8568000.435,778.45
1429,4606816.391,8568003.265,778.30
1430,4606819.960,8568005.361,778.15
1431,4606823.024,8568008.075,777.93
1432,4606826.488,8568009.474,777.75
1433,4606828.899,8568012.522,777.57
1434,4606835.284,8568014.633,777.47
1435,4606837.921,8568014.324,777.35
1436,4606841.554,8568017.214,777.29
1437,4606845.275,8568018.458,777.26
1438,4606847.604,8568021.045,777.29
1439,4606850.807,8568023.618,777.32
1440,4606856.974,8568025.763,777.32
1441,4606860.378,8568028.332,777.35
1442,4606862.862,8568027.276,777.35
1443,4606865.938,8568030.404,777.35
1444,4606869.853,8568032.670,777.38
1445,4606873.033,8568034.971,777.38
1446,4606878.928,8568037.009,777.41
1447,4606882.171,8568038.713,777.44
1448,4606884.841,8568040.979,777.41
1449,4606887.904,8568043.779,777.51
1450,4606891.524,8568045.496,777.63
1451,4606894.294,8568048.811,777.69
1452,4606898.261,8568049.705,777.78
1453,4606901.132,8568054.348,778.02
1454,4606900.968,8568052.042,778.15
1455,4606903.566,8568055.780,778.21
1456,4606906.841,8568054.028,778.45
1457,4606909.740,8568058.432,778.57
1458,4606910.100,8568056.610,778.82
1459,4606912.880,8568060.303,779.03
1460,4606916.471,8568060.360,779.24
1461,4606919.532,8568060.082,779.55
1462,4606922.290,8568059.851,779.76
1463,4606925.285,8568060.058,780.16
1464,4606926.202,8568060.779,780.46
1465,4606930.749,8568058.041,780.83
1466,4606928.097,8568055.133,780.92
1467,4606931.863,8568055.910,781.01
1468,4606936.479,8568050.799,781.10
1469,4606935.793,8568053.687,781.10
1470,4606936.485,8568050.962,781.01
1471,4606935.444,8568049.399,780.92
1472,4606935.602,8568047.485,780.86
1473,4606940.472,8568042.002,780.77
1474,4606938.992,8568040.389,780.68
1475,4606939.394,8568038.875,780.61
1476,4606941.355,8568033.246,780.74
1477,4606941.024,8568031.904,780.83
1478,4606936.902,8568029.503,780.74
1479,4606933.536,8568028.047,780.49
1480,4606931.075,8568025.459,780.19
1481,4606927.820,8568023.204,779.70
1482,4606924.766,8568021.027,779.21
1483,4606918.909,8568018.041,778.88
1484,4606914.754,8568017.300,778.54
1485,4606912.593,8568012.938,778.27
1486,4606908.781,8568014.552,778.08
1487,4606906.269,8568012.220,778.05
1488,4606903.024,8568010.682,777.96
1489,4606900.359,8568005.367,777.87
1490,4606896.951,8568003.661,777.78
1491,4606894.202,8568000.055,777.72
1492,4606887.163,8567998.865,777.63
1493,4606884.595,8567996.436,777.60
1494,4606881.459,8567994.505,777.57
1495,4606878.637,8567992.009,777.51
1496,4606875.367,8567990.302,777.47
1497,4606872.634,8567987.552,777.44
1498,4606869.049,8567984.152,777.44
1499,4606864.993,8567982.675,777.38
1500,4606859.690,8567980.246,777.35
1501,4606856.009,8567977.510,777.38
1502,4606853.550,8567979.181,777.35
1503,4606850.971,8567976.017,777.41
1504,4606846.943,8567972.730,777.32
1505,4606843.814,8567974.307,777.35
1506,4606841.021,8567970.535,777.29
1507,4606837.694,8567972.172,777.32
1508,4606835.121,8567968.912,777.32
1509,4606831.970,8567969.166,777.38
1510,4606828.275,8567967.552,777.41
1511,4606825.352,8567963.380,777.51
1512,4606821.598,8567965.269,777.51
1513,4606819.237,8567961.907,777.60
1514,4606816.143,8567962.378,777.66
1515,4606812.623,8567959.748,777.78
1516,4606810.170,8567960.805,777.90
1517,4606807.159,8567957.926,778.02
1518,4606804.133,8567957.726,778.15
1519,4606799.942,8567954.911,778.30
1520,4606797.472,8567956.713,778.42
1521,4606795.045,8567953.646,778.69
1522,4606792.032,8567953.555,779.03
1523,4606787.012,8567953.178,779.52
1524,4606788.112,8567950.455,779.70
1525,4606787.841,8567947.779,780.31
1526,4606785.451,8567945.398,780.80
1527,4606787.183,8567945.671,781.01
1528,4606785.173,8567942.999,781.07
1529,4606790.671,8567943.630,781.04
1530,4606789.888,8567941.751,780.95
1531,4606788.809,8567939.561,780.74
1532,4606791.752,8567941.895,780.58
1533,4606794.648,8567938.292,780.49
1534,4606791.146,8567941.232,780.37
1535,4606794.754,8567941.188,780.25
1536,4606792.013,8567940.324,780.07
1537,4606794.728,8567938.738,780.03
1538,4606794.799,8567938.887,780.03
1539,4606795.358,8567941.793,780.00
1540,4606797.932,8567938.926,779.97
1541,4606794.725,8567940.849,779.88
1542,4606795.011,8567940.713,779.79
1543,4606799.707,8567941.595,779.73
1544,4606800.369,8567938.701,779.64
1545,4606798.358,8567938.819,779.55
1546,4606798.708,8567941.176,779.43
1547,4606798.188,8567944.973,779.33
1548,4606801.562,8567943.463,779.06
1549,4606801.481,8567948.192,779.12
1550,4606804.854,8567947.081,779.18
1551,4606808.786,8567948.379,779.00
1552,4606807.641,8567945.787,778.69
1553,4606813.394,8567945.205,778.48
1554,4606811.778,8567943.570,778.33
1555,4606812.174,8567941.334,778.27
1556,4606810.365,8567935.975,778.21
1557,4606813.327,8567935.858,778.18
1558,4606816.183,8567934.749,778.18
1559,4606819.222,8567937.901,778.05
1560,4606822.266,8567937.233,777.90
1561,4606825.585,8567939.490,777.78
1562,4606828.719,8567941.428,777.72
1563,4606831.580,8567943.711,777.66
1564,4606834.708,8567946.525,777.57
1565,4606838.316,8567948.390,777.57
1566,4606841.195,8567950.782,777.51
1567,4606844.411,8567953.277,777.51
1568,4606847.747,8567955.999,777.51
1569,4606854.080,8567957.308,777.51
1570,4606856.984,8567961.231,777.54
1571,4606860.466,8567959.384,777.54
1572,4606862.827,8567962.017,777.54
1573,4606866.120,8567964.660,777.54
1574,4606869.434,8567966.404,777.60
1575,4606875.045,8567969.464,777.60
1576,4606878.105,8567967.674,777.60
1577,4606880.595,8567970.331,777.63
1578,4606884.070,8567974.095,777.69
1579,4606888.514,8567975.961,777.69
1580,4606890.685,8567975.606,777.72
1581,4606894.244,8567978.616,777.78
1582,4606900.860,8567980.657,777.81
1583,4606903.162,8567980.151,777.87
1584,4606906.585,8567980.906,777.96
1585,4606908.581,8567985.093,778.02
1586,4606912.309,8567984.250,778.08
1587,4606915.362,8567986.338,778.08
1588,4606917.707,8567986.904,778.15
1589,4606925.855,8567987.174,778.21
1590,4606924.399,8567991.105,778.30
1591,4606927.147,8567990.628,778.42
1592,4606930.830,8567994.265,778.54
1593,4606934.333,8567993.802,778.66
1594,4606938.917,8567994.732,778.79
1595,4606937.281,8567992.038,778.97
1596,4606942.890,8567992.035,779.09
1597,4606941.090,8567990.588,779.21
1598,4606946.036,8567985.414,779.27
1599,4606945.492,8567982.913,779.43
1600,4606944.688,8567981.113,779.67
1601,4606945.251,8567978.808,779.97
1602,4606944.025,8567973.813,780.28
1603,4606948.649,8567970.646,780.34
1604,4606944.697,8567969.999,780.28
1605,4606946.366,8567965.949,780.22
1606,4606942.563,8567963.871,780.07
1607,4606939.501,8567961.844,779.91
1608,4606936.588,8567959.518,779.79
1609,4606933.442,8567957.013,779.61
1610,4606930.148,8567954.983,779.43
1611,4606927.239,8567953.307,779.39
1612,4606924.667,8567950.816,779.30
1613,4606921.439,8567948.464,779.18
1614,4606918.126,8567945.300,779.03
1615,4606911.991,8567946.001,778.79
1616,4606908.637,8567944.231,778.63
1617,4606905.865,8567941.386,778.48
1618,4606902.271,8567938.966,778.33
1619,4606898.993,8567936.616,778.33
1620,4606892.960,8567933.989,778.27
1621,4606890.092,8567934.878,778.21
1622,4606886.921,8567932.812,778.21
1623,4606883.937,8567929.751,778.15
1624,4606880.344,8567928.259,778.08
1625,4606875.035,8567925.413,778.02
1626,4606871.879,8567926.331,777.99
1627,4606868.636,8567922.528,777.90
1628,4606864.098,8567922.862,777.84
1629,4606863.125,8567918.625,777.84
1630,4606855.825,8567916.612,777.78
1631,4606852.448,8567914.047,777.75
1632,4606850.088,8567915.329,777.75
1633,4606847.208,8567912.260,777.75
1634,4606843.431,8567910.334,777.72
1635,4606840.454,8567907.412,777.69
1636,4606837.717,8567908.343,777.66
1637,4606834.586,8567905.640,777.63
1638,4606831.131,8567903.231,777.57
1639,4606828.400,8567902.828,777.57
1640,4606824.298,8567901.275,777.57
1641,4606821.666,8567898.490,777.57
1642,4606818.978,8567898.696,777.66
1643,4606815.308,8567897.323,777.75
1644,4606812.672,8567893.425,777.81
1645,4606808.147,8567895.960,777.96
1646,4606809.689,8567892.495,778.45
1647,4606805.769,8567890.997,778.88
1648,4606805.344,8567888.827,779.21
1649,4606805.614,8567885.881,779.27
1650,4606804.085,8567882.539,779.49
1651,4606804.739,8567879.248,779.33
1652,4606807.533,8567877.395,779.21
1653,4606808.278,8567872.655,779.49
1654,4606808.153,8567870.188,779.82
1655,4606806.280,8567866.275,779.73
1656,4606810.087,8567863.706,779.82
1657,4606813.186,8567862.969,779.82
1658,4606816.295,8567860.624,779.70
1659,4606815.158,8567864.913,779.46
1660,4606818.237,8567864.792,779.09
1661,4606821.482,8567865.044,778.72
1662,4606825.529,8567866.953,778.24
1663,4606828.475,8567868.470,777.93
1664,4606830.926,8567871.523,777.87
1665,4606834.570,8567873.449,777.87
1666,4606837.451,8567875.119,777.87
1667,4606840.010,8567877.710,777.90
1668,4606843.481,8567879.481,777.96
1669,4606846.516,8567883.977,777.99
1670,4606849.243,8567887.692,778.02
1671,4606853.623,8567887.890,778.02
1672,4606855.110,8567892.141,778.05
1673,4606859.700,8567892.876,778.15
1674,4606861.705,8567895.981,778.18
1675,4606865.367,8567898.362,778.24
1676,4606868.658,8567900.487,778.33
1677,4606871.868,8567901.798,778.39
1678,4606874.343,8567906.834,778.42
1679,4606877.487,8567910.080,778.51
1680,4606881.395,8567910.660,778.51
1681,4606883.206,8567913.230,778.51
1682,4606886.391,8567916.836,778.51
1683,4606893.567,8567917.595,778.57
1684,4606895.790,8567920.935,778.63
1685,4606899.644,8567922.586,778.66
1686,4606902.340,8567924.547,778.66
1687,4606905.126,8567927.179,778.66
1688,4606908.579,8567929.194,778.69
1689,4606911.630,8567932.793,778.69
1690,4606918.569,8567933.725,778.72
1691,4606915.871,8567935.831,778.75
1692,4606920.237,8567930.572,778.82
1693,4606919.656,8567933.749,778.85
1694,4606919.040,8567931.132,778.91
1695,4606923.031,8567929.293,779.00
1696,4606923.742,8567926.747,779.06
1697,4606923.510,8567924.374,779.18
1698,4606924.106,8567920.651,779.33
1699,4606919.784,8567919.286,779.33
1700,4606918.867,8567918.022,779.43
1701,4606921.335,8567914.162,779.52
1702,4606916.964,8567912.932,779.55
1703,4606917.638,8567909.507,779.58
1704,4606913.593,8567908.144,779.67
1705,4606914.187,8567904.648,779.79
1706,4606908.000,8567902.056,779.88
1707,4606911.148,8567902.757,780.00
1708,4606907.098,8567902.223,780.10
1709,4606908.359,8567899.296,780.19
1710,4606908.134,8567896.959,780.13
1711,4606904.964,8567892.408,780.22
1712,4606905.070,8567888.726,780.31
1713,4606901.416,8567886.692,780.43
1714,4606896.315,8567882.817,780.61
1715,4606898.259,8567885.754,780.71
1716,4606896.509,8567882.097,780.61
1717,4606892.583,8567880.261,780.46
1718,4606890.378,8567880.075,780.31
1719,4606886.461,8567878.543,780.19
1720,4606883.823,8567875.999,780.03
1721,4606880.518,8567873.427,779.88
1722,4606877.079,8567871.354,779.64
1723,4606873.958,8567868.047,779.55
1724,4606867.731,8567868.847,779.36
1725,4606864.506,8567866.692,779.18
1726,4606861.464,8567865.138,779.00
1727,4606858.940,8567862.112,778.82
1728,4606855.216,8567859.199,778.60
1729,4606848.709,8567857.322,778.51
1730,4606846.512,8567858.050,778.39
1731,4606843.243,8567855.495,778.33
1732,4606839.829,8567853.725,778.24
1733,4606836.873,8567849.941,778.15
1734,4606833.509,8567851.489,778.08
1735,4606830.896,8567848.540,778.08
1736,4606828.100,8567849.175,778.05
1737,4606824.206,8567847.364,778.02
1738,4606824.072,8567845.373,778.05
1739,4606821.663,8567842.983,778.08
1740,4606820.350,8567841.687,778.11
1741,4606821.803,8567835.971,778.18
1742,4606820.285,8567834.092,778.18
1743,4606820.068,8567832.235,778.24
1744,4606819.559,8567829.620,778.27
1745,4606823.616,8567827.072,778.27
1746,4606821.257,8567823.884,778.30
1747,4606824.062,8567823.922,778.39
1748,4606827.170,8567823.076,778.48
1749,4606830.373,8567825.680,778.51
1750,4606833.818,8567828.383,778.51
1751,4606836.557,8567828.045,778.48
1752,4606840.161,8567829.403,778.48
1753,4606842.614,8567832.991,778.51
1754,4606846.662,8567834.889,778.54
1755,4606848.779,8567834.627,778.54
1756,4606852.348,8567836.479,778.60
1757,4606855.223,8567839.496,778.63
1758,4606858.816,8567837.901,778.69
1759,4606858.412,8567841.308,778.82
1760,4606861.804,8567844.282,778.85
1761,4606864.586,8567842.657,778.94
1762,4606867.237,8567846.759,779.06
1763,4606872.095,8567849.319,779.18
1764,4606876.795,8567849.394,779.27
1765,4606874.370,8567847.295,779.43
1766,4606876.686,8567847.424,779.58
1767,4606875.339,8567845.362,779.70
1768,4606878.983,8567841.467,779.79
1769,4606880.411,8567838.850,779.82
1770,4606880.245,8567836.033,779.85
1771,4606879.671,8567830.951,780.00
1772,4606878.674,8567828.976,780.10
1773,4606878.660,8567827.096,780.10
1774,4606879.118,8567822.746,780.10
1775,4606879.662,8567820.137,780.13
1776,4606879.397,8567817.409,780.13
1777,4606879.426,8567812.088,780.13
1778,4606875.875,8567810.648,780.22
1779,4606876.455,8567809.075,780.55
1780,4606872.858,8567807.254,780.61
1781,4606870.635,8567806.501,780.58
1782,4606864.208,8567807.033,780.40
1783,4606867.146,8567806.783,780.31
1784,4606864.391,8567807.331,780.07
1785,4606861.674,8567807.107,779.97
1786,4606858.319,8567807.427,779.94
1787,4606854.745,8567804.987,779.94
1788,4606851.904,8567804.153,779.97
1789,4606848.318,8567805.701,780.16
1790,4606845.724,8567802.777,780.07
1791,4606842.052,8567801.558,780.16
1792,4606842.363,8567803.838,780.16
1793,4606839.778,8567800.209,780.37
1794,4606836.423,8567801.252,780.52
1795,4606831.506,8567796.831,780.71
1796,4606831.877,8567799.890,780.95
1797,4606828.712,8567802.435,781.19
1798,4606830.464,8567804.007,781.07
1799,4606824.776,8567806.422,780.80
1800,4606824.904,8567809.128,780.37
1801,4606826.979,8567811.215,779.70
1802,4606822.381,8567813.589,779.39
1803,4606824.526,8567816.194,779.03
1804,4606820.409,8567815.730,778.72
1805,4606818.281,8567819.197,778.60
1806,4606817.360,8567817.844,778.51
1807,4606812.035,8567821.389,778.51
1808,4606814.488,8567820.454,778.48
1809,4606812.230,8567823.418,778.48
1810,4606809.746,8567822.060,778.72
1811,4606811.395,8567825.646,779.06
1812,4606807.072,8567824.924,779.21
1813,4606808.691,8567827.188,779.39
1814,4606807.018,8567829.874,779.46
1815,4606807.541,8567826.662,779.64
1816,4606806.508,8567830.356,779.88
1817,4606809.581,8567827.200,779.97
1818,4606808.265,8567827.543,780.25
1819,4606802.795,8567828.962,780.31
1820,4606806.163,8567827.587,780.40
1821,4606807.776,8567829.845,780.43
1822,4606808.843,8567827.471,780.49
1823,4606802.638,8567828.756,780.37
1824,4606803.446,8567826.822,780.40
1825,4606802.750,8567829.238,780.43
1826,4606807.236,8567826.884,780.52
1827,4606805.935,8567830.393,780.37
1828,4606807.402,8567832.308,780.22
1829,4606808.425,8567829.217,780.07
1830,4606805.845,8567830.758,779.88
1831,4606807.424,8567832.544,779.82
1832,4606809.319,8567829.830,779.70
1833,4606806.057,8567830.795,779.64
1834,4606809.034,8567830.274,779.61
1835,4606805.353,8567832.184,779.67
1836,4606805.212,8567828.800,779.85
1837,4606802.507,8567831.940,780.03
1838,4606805.776,8567829.609,780.13
1839,4606803.819,8567829.779,780.37
