1     4606757.73    8567933.56    782.31
2     4606743.61    8567964.22    782.86
3     4606725.43    8568001.17    784.00
4     4606718.45    8568026.35    782.98
5     4606710.06    8568051.37    782.31
6     4606699.87    8568078.29    783.13
7     4606692.54    8568095.65    782.31
8     4606685.20    8568114.24    782.31
9     4606682.04    8568122.54    782.82
10    4606671.91    8568145.87    782.64
11    4606666.37    8568160.23    782.35
12    4606658.74    8568179.98    782.70
13    4606646.54    8568211.15    782.32
14    4606642.60    8568220.48    782.31
15    4606639.26    8568228.73    782.31
16    4606631.96    8568245.32    782.53
17    4606622.80    8568268.95    782.48
18    4606613.65    8568291.48    782.50
19    4606605.65    8568312.09    782.58
20    4606623.52    8568330.49    782.61
21    4606645.20    8568348.36    782.60
22    4606678.75    8568353.16    782.84
23    4606706.82    8568356.25    782.71
24    4606733.14    8568359.87    782.63
25    4606770.72    8568364.20    782.56
26    4606808.81    8568367.68    782.57
27    4606823.06    8568345.31    782.69
28    4606839.83    8568315.77    783.02
29    4606857.16    8568285.32    782.71
30    4606876.94    8568250.30    783.10
31    4606894.13    8568219.81    783.00
32    4606911.73    8568188.53    782.73
33    4606923.64    8568166.96    783.20
34    4606939.93    8568137.61    782.96
35    4606952.86    8568114.24    782.77
36    4606964.83    8568092.75    782.64
37    4606977.36    8568067.00    782.31
38    4606987.93    8568051.15    782.63
39    4607000.79    8568027.18    782.86
40    4607013.93    8568009.87    782.96
41    4607021.85    8567995.20    783.05
42    4607024.37    8567984.19    782.99
43    4607005.55    8567964.59    783.08
44    4606989.27    8567941.44    782.72
45    4606975.84    8567917.59    782.63
46    4606962.03    8567901.60    782.98
47    4606951.31    8567874.68    783.31
48    4606936.76    8567852.22    783.99
49    4606919.94    8567831.11    783.39
50    4606908.62    8567816.50    782.81
51    4606897.60    8567800.92    782.57
101   4606745.63    8568009.89    782.31
102   4606730.06    8568032.01    782.31
103   4606714.10    8568084.39    782.31
104   4606688.55    8568125.10    782.31
105   4606680.79    8568149.94    782.31
106   4606694.72    8568197.45    782.31
107   4606669.91    8568220.02    782.31
108   4606636.71    8568246.89    782.31
109   4606650.81    8568279.69    782.31
110   4606648.62    8568299.37    782.31
111   4606651.17    8568310.52    782.31
112   4606683.84    8568303.42    782.31
113   4606712.22    8568311.58    782.31
114   4606737.73    8568315.10    782.31
115   4606772.88    8568324.26    782.31
116   4606797.31    8568329.92    782.31
117   4606806.79    8568296.81    782.31
118   4606821.43    8568267.34    782.31
119   4606838.51    8568226.89    782.31
120   4606855.03    8568197.54    782.31
121   4606872.16    8568167.09    782.31
122   4606885.03    8568141.96    782.31
123   4606896.26    8568109.37    782.31
124   4606920.56    8568094.22    782.31
125   4606943.19    8568080.23    782.31
126   4606972.12    8568042.54    782.31
127   4606978.11    8568014.47    782.31
128   4606986.41    8567993.54    782.31
129   4606992.45    8567978.11    782.31
130   4606979.08    8567947.76    782.31
131   4606963.37    8567925.94    782.31
132   4606952.11    8567908.36    782.31
133   4606933.45    8567887.52    782.31
134   4606913.60    8567867.96    782.31
135   4606907.19    8567840.79    782.31
136   4606903.02    8567820.70    782.31
137   4606893.88    8567804.26    782.31
