1 42.908448 23.895612
2 42.908345 23.895612
3 42.908233 23.895587
4 42.908121 23.895550
5 42.908011 23.895502
6 42.907903 23.895458
7 42.907795 23.895410
8 42.907685 23.895359
9 42.907574 23.895317
10 42.907463 23.895280
11 42.907353 23.895237
12 42.907244 23.895184
13 42.907130 23.895145
14 42.907022 23.895099
15 42.906913 23.895054
16 42.906801 23.895018
17 42.906690 23.894983
18 42.906581 23.894938
19 42.906470 23.894888
20 42.906364 23.894837
21 42.906259 23.894777
22 42.906152 23.894721
23 42.906044 23.894665
24 42.905937 23.894602
25 42.905830 23.894542
26 42.905724 23.894480
27 42.905621 23.894413
28 42.905520 23.894348
29 42.905420 23.894287
30 42.905319 23.894220
31 42.905214 23.894147
32 42.905106 23.894162
33 42.905043 23.894285
34 42.905057 23.894426
35 42.905150 23.894505
36 42.905260 23.894559
37 42.905370 23.894607
38 42.905477 23.894658
39 42.905584 23.894714
40 42.905694 23.894767
41 42.905803 23.894813
42 42.905911 23.894867
43 42.906017 23.894928
44 42.906121 23.894997
45 42.906227 23.895061
46 42.906335 23.895115
47 42.906446 23.895171
48 42.906557 23.895227
49 42.906668 23.895279
50 42.906780 23.895329
51 42.906893 23.895377
52 42.907005 23.895427
53 42.907118 23.895476
54 42.907229 23.895519
55 42.907341 23.895567
56 42.907453 23.895614
57 42.907567 23.895651
58 42.907680 23.895693
59 42.907793 23.895739
60 42.907906 23.895786
61 42.908019 23.895832
62 42.908133 23.895874
63 42.908248 23.895912
64 42.908363 23.895948
65 42.908470 23.895974
66 42.908506 23.896097
67 42.908522 23.896246
68 42.908470 23.896339
69 42.908369 23.896329
70 42.908263 23.896286
71 42.908155 23.896235
72 42.908047 23.896211
73 42.907942 23.896166
74 42.907840 23.896103
75 42.907737 23.896056
76 42.907634 23.896005
77 42.907521 23.895969
78 42.907412 23.895912
79 42.907303 23.895851
80 42.907194 23.895805
81 42.907091 23.895751
82 42.906988 23.895693
83 42.906883 23.895633
84 42.906778 23.895581
85 42.906673 23.895527
86 42.906568 23.895474
87 42.906461 23.895423
88 42.906351 23.895372
89 42.906240 23.895319
90 42.906130 23.895267
91 42.906020 23.895214
92 42.905911 23.895164
93 42.905804 23.895108
94 42.905697 23.895054
95 42.905591 23.894999
96 42.905487 23.894941
97 42.905383 23.894873
98 42.905271 23.894825
99 42.905179 23.894891
100 42.905165 23.895027
101 42.905240 23.895132
102 42.905349 23.895162
103 42.905461 23.895202
104 42.905570 23.895249
105 42.905680 23.895293
106 42.905788 23.895345
107 42.905893 23.895399
108 42.905997 23.895462
109 42.906104 23.895521
110 42.906212 23.895573
111 42.906322 23.895628
112 42.906430 23.895684
113 42.906540 23.895740
114 42.906649 23.895790
115 42.906757 23.895840
116 42.906864 23.895895
117 42.906974 23.895947
118 42.907084 23.896001
119 42.907195 23.896056
120 42.907306 23.896115
121 42.907418 23.896159
122 42.907527 23.896211
123 42.907634 23.896277
124 42.907741 23.896337
125 42.907849 23.896399
126 42.907956 23.896458
127 42.908064 23.896515
128 42.908168 23.896574
129 42.908251 23.896660
130 42.908304 23.896786
131 42.908300 23.896916
132 42.908213 23.896959
133 42.908103 23.896941
134 42.907992 23.896906
135 42.907882 23.896868
136 42.907772 23.896825
137 42.907662 23.896776
138 42.907553 23.896727
139 42.907443 23.896685
140 42.907330 23.896648
141 42.907217 23.896624
142 42.907105 23.896587
143 42.906994 23.896547
144 42.906883 23.896495
145 42.906773 23.896441
146 42.906662 23.896388
147 42.906553 23.896337
148 42.906446 23.896282
149 42.906339 23.896226
150 42.906233 23.896163
151 42.906128 23.896100
152 42.906021 23.896039
153 42.905915 23.895973
154 42.905811 23.895903
155 42.905711 23.895826
156 42.905612 23.895749
157 42.905508 23.895679
158 42.905402 23.895616
159 42.905292 23.895579
160 42.905201 23.895653
161 42.905128 23.895774
162 42.905112 23.895923
163 42.905186 23.896026
164 42.905293 23.896075
165 42.905409 23.896112
166 42.905522 23.896147
167 42.905633 23.896186
168 42.905741 23.896234
169 42.905850 23.896284
170 42.905958 23.896340
171 42.906064 23.896397
172 42.906170 23.896454
173 42.906279 23.896508
174 42.906390 23.896559
175 42.906502 23.896609
176 42.906614 23.896658
177 42.906723 23.896705
178 42.906833 23.896753
179 42.906944 23.896795
180 42.907057 23.896840
181 42.907171 23.896879
182 42.907282 23.896913
183 42.907396 23.896949
184 42.907510 23.896983
185 42.907625 23.897019
186 42.907739 23.897052
187 42.907855 23.897079
188 42.907971 23.897103
189 42.908086 23.897130
190 42.908201 23.897151
191 42.908295 23.897205
192 42.908335 23.897331
193 42.908316 23.897462
194 42.908224 23.897518
195 42.908114 23.897517
196 42.908001 23.897487
197 42.907889 23.897453
198 42.907776 23.897414
199 42.907666 23.897366
200 42.907558 23.897311
201 42.907453 23.897247
202 42.907346 23.897185
203 42.907235 23.897140
204 42.907121 23.897101
205 42.907006 23.897053
206 42.906891 23.897012
207 42.906777 23.896974
208 42.906660 23.896936
209 42.906545 23.896890
210 42.906436 23.896861
211 42.906328 23.896811
212 42.906217 23.896749
213 42.906107 23.896693
214 42.905997 23.896637
215 42.905896 23.896560
216 42.905790 23.896491
217 42.905681 23.896437
218 42.905573 23.896378
219 42.905466 23.896310
220 42.905358 23.896243
221 42.905248 23.896181
222 42.905137 23.896126
223 42.905031 23.896054
224 42.904930 23.896092
225 42.904904 23.896230
226 42.904950 23.896349
227 42.905047 23.896434
228 42.905158 23.896497
229 42.905270 23.896541
230 42.905378 23.896594
231 42.905486 23.896646
232 42.905595 23.896695
233 42.905706 23.896746
234 42.905816 23.896797
235 42.905927 23.896850
236 42.906039 23.896907
237 42.906150 23.896957
238 42.906262 23.897002
239 42.906375 23.897049
240 42.906489 23.897097
241 42.906602 23.897145
242 42.906715 23.897193
243 42.906830 23.897238
244 42.906944 23.897286
245 42.907060 23.897319
246 42.907174 23.897355
247 42.907290 23.897395
248 42.907405 23.897431
249 42.907520 23.897464
250 42.907636 23.897490
251 42.907751 23.897521
252 42.907867 23.897551
253 42.907985 23.897573
254 42.908104 23.897581
255 42.908219 23.897584
256 42.908314 23.897640
257 42.908339 23.897767
258 42.908275 23.897858
259 42.908169 23.897869
260 42.908055 23.897846
261 42.907940 23.897809
262 42.907824 23.897774
263 42.907711 23.897735
264 42.907598 23.897695
265 42.907487 23.897651
266 42.907374 23.897607
267 42.907257 23.897570
268 42.907140 23.897548
269 42.907022 23.897532
270 42.906908 23.897509
271 42.906792 23.897474
272 42.906674 23.897453
273 42.906559 23.897428
274 42.906445 23.897391
275 42.906333 23.897345
276 42.906225 23.897287
277 42.906116 23.897227
278 42.906007 23.897166
279 42.905901 23.897096
280 42.905796 23.897023
281 42.905690 23.896948
282 42.905582 23.896879
283 42.905475 23.896806
284 42.905369 23.896734
285 42.905253 23.896675
286 42.905144 23.896731
287 42.905092 23.896875
288 42.905147 23.897002
289 42.905258 23.897037
290 42.905373 23.897070
291 42.905486 23.897111
292 42.905597 23.897158
293 42.905705 23.897211
294 42.905816 23.897265
295 42.905930 23.897316
296 42.906044 23.897361
297 42.906157 23.897408
298 42.906268 23.897455
299 42.906381 23.897504
300 42.906495 23.897548
301 42.906595 23.897587
302 42.906658 23.897609
303 42.906702 23.897618
304 42.906735 23.897626
305 42.906763 23.897634
306 42.906785 23.897641
307 42.906804 23.897648
308 42.906820 23.897654
309 42.906834 23.897659
310 42.906847 23.897664
311 42.906858 23.897669
312 42.906868 23.897674
313 42.906877 23.897679
314 42.906886 23.897685
315 42.906893 23.897691
316 42.906900 23.897698
317 42.906905 23.897706
318 42.906911 23.897714
319 42.906915 23.897723
320 42.906920 23.897732
321 42.906923 23.897741
322 42.906927 23.897750
323 42.906929 23.897759
324 42.906932 23.897768
325 42.906935 23.897777
326 42.906937 23.897786
327 42.906940 23.897796
328 42.906942 23.897805
329 42.906945 23.897813
330 42.906947 23.897822
331 42.906948 23.897832
332 42.906950 23.897843
333 42.906952 23.897854
334 42.906954 23.897865
335 42.906955 23.897876
336 42.906957 23.897886
337 42.906959 23.897897
338 42.906961 23.897907
339 42.906963 23.897917
340 42.906964 23.897927
341 42.906966 23.897936
342 42.906968 23.897945
343 42.906970 23.897953
344 42.906971 23.897962
345 42.906973 23.897970
346 42.906975 23.897978
347 42.906977 23.897987
348 42.906979 23.897996
349 42.906981 23.898004
350 42.906983 23.898013
351 42.906985 23.898021
352 42.906987 23.898029
353 42.906988 23.898037
354 42.906990 23.898046
355 42.906992 23.898053
356 42.906993 23.898061
357 42.906995 23.898069
358 42.906997 23.898077
359 42.906999 23.898086
360 42.907001 23.898094
361 42.907004 23.898102
362 42.907007 23.898110
363 42.907009 23.898118
364 42.907012 23.898125
365 42.907014 23.898132
366 42.907017 23.898139
367 42.907020 23.898146
368 42.907022 23.898153
369 42.907025 23.898160
370 42.907027 23.898167
371 42.907029 23.898174
372 42.907032 23.898181
373 42.907034 23.898188
374 42.907037 23.898195
375 42.907040 23.898203
376 42.907042 23.898211
377 42.907046 23.898219
378 42.907049 23.898227
379 42.907052 23.898236
380 42.907055 23.898245
381 42.907059 23.898255
382 42.907061 23.898265
383 42.907064 23.898275
384 42.907067 23.898285
385 42.907070 23.898294
386 42.907072 23.898303
387 42.907075 23.898312
388 42.907078 23.898321
389 42.907080 23.898329
390 42.907083 23.898338
391 42.907085 23.898345
392 42.907088 23.898353
393 42.907090 23.898360
394 42.907093 23.898367
395 42.907095 23.898374
396 42.907097 23.898381
397 42.907099 23.898387
398 42.907101 23.898394
399 42.907103 23.898400
400 42.907104 23.898406
401 42.907114 23.898450
402 42.907166 23.898530
403 42.907242 23.898514
404 42.907275 23.898418
405 42.907232 23.898333
406 42.907154 23.898264
407 42.907064 23.898203
408 42.906974 23.898142
409 42.906887 23.898074
410 42.906802 23.898000
411 42.906730 23.897934
412 42.906683 23.897885
413 42.906646 23.897857
414 42.906616 23.897843
415 42.906595 23.897827
416 42.906580 23.897811
417 42.906568 23.897797
418 42.906557 23.897785
419 42.906547 23.897774
420 42.906538 23.897765
421 42.906528 23.897758
422 42.906520 23.897752
423 42.906511 23.897748
424 42.906503 23.897745
425 42.906495 23.897743
426 42.906487 23.897742
427 42.906480 23.897741
428 42.906473 23.897742
429 42.906466 23.897744
430 42.906454 23.897762
431 42.906419 23.897770
432 42.906393 23.897719
433 42.906353 23.897663
434 42.906312 23.897594
435 42.906268 23.897518
436 42.906219 23.897442
437 42.906184 23.897371
438 42.906163 23.897289
439 42.906112 23.897261
440 42.906063 23.897293
441 42.906044 23.897362
442 42.906065 23.897428
443 42.906112 23.897463
444 42.906174 23.897487
445 42.906246 23.897503
446 42.906324 23.897518
447 42.906403 23.897532
448 42.906482 23.897552
449 42.906562 23.897585
450 42.906643 23.897624
451 42.906727 23.897657
452 42.906811 23.897690
453 42.906897 23.897721
454 42.906983 23.897747
455 42.907069 23.897776
456 42.907155 23.897811
457 42.907242 23.897835
458 42.907329 23.897857
459 42.907417 23.897883
460 42.907504 23.897905
461 42.907593 23.897930
462 42.907682 23.897959
463 42.907772 23.897971
464 42.907861 23.897987
465 42.907948 23.898012
466 42.908035 23.898040
467 42.908116 23.898076
468 42.908176 23.898150
469 42.908205 23.898242
470 42.908178 23.898322
471 42.908111 23.898341
472 42.908030 23.898329
473 42.907942 23.898311
474 42.907852 23.898290
475 42.907760 23.898274
476 42.907670 23.898257
477 42.907581 23.898247
478 42.907492 23.898237
479 42.907404 23.898243
480 42.907314 23.898253
481 42.907226 23.898264
482 42.907140 23.898253
483 42.907053 23.898230
484 42.906966 23.898205
485 42.906878 23.898188
486 42.906791 23.898167
487 42.906704 23.898142
488 42.906617 23.898115
489 42.906531 23.898081
490 42.906444 23.898047
491 42.906357 23.898012
492 42.906270 23.897980
493 42.906184 23.897952
494 42.906099 23.897919
495 42.906014 23.897886
496 42.905929 23.897863
497 42.905843 23.897828
498 42.905750 23.897791
499 42.905653 23.897753
500 42.905555 23.897712
501 42.905455 23.897678
502 42.905358 23.897643
503 42.905261 23.897610
504 42.905163 23.897580
505 42.905062 23.897545
506 42.904993 23.897604
507 42.904955 23.897716
508 42.904929 23.897848
509 42.904932 23.897986
510 42.904996 23.898074
511 42.905085 23.898132
512 42.905184 23.898176
513 42.905290 23.898208
514 42.905400 23.898224
515 42.905509 23.898239
516 42.905619 23.898254
517 42.905728 23.898272
518 42.905837 23.898289
519 42.905945 23.898310
520 42.906052 23.898332
521 42.906159 23.898359
522 42.906266 23.898386
523 42.906373 23.898407
524 42.906480 23.898423
525 42.906588 23.898440
526 42.906697 23.898463
527 42.906804 23.898482
528 42.906910 23.898493
529 42.907017 23.898503
530 42.907125 23.898512
531 42.907234 23.898521
532 42.907342 23.898528
533 42.907451 23.898531
534 42.907560 23.898538
535 42.907669 23.898546
536 42.907778 23.898547
537 42.907888 23.898547
538 42.907997 23.898543
539 42.908101 23.898520
540 42.908179 23.898556
541 42.908168 23.898645
542 42.908090 23.898698
543 42.907993 23.898713
544 42.907891 23.898709
545 42.907787 23.898708
546 42.907682 23.898710
547 42.907575 23.898716
548 42.907468 23.898718
549 42.907360 23.898724
550 42.907253 23.898725
551 42.907145 23.898720
552 42.907037 23.898719
553 42.906929 23.898717
554 42.906821 23.898716
555 42.906713 23.898715
556 42.906603 23.898707
557 42.906491 23.898706
558 42.906378 23.898705
559 42.906266 23.898695
560 42.906155 23.898687
561 42.906042 23.898675
562 42.905928 23.898659
563 42.905815 23.898642
564 42.905702 23.898628
565 42.905589 23.898618
566 42.905478 23.898610
567 42.905367 23.898602
568 42.905258 23.898578
569 42.905148 23.898548
570 42.905038 23.898515
571 42.904927 23.898491
572 42.904813 23.898477
573 42.904736 23.898571
574 42.904731 23.898705
575 42.904818 23.898770
576 42.904929 23.898799
577 42.905042 23.898811
578 42.905157 23.898819
579 42.905273 23.898818
580 42.905386 23.898828
581 42.905499 23.898835
582 42.905614 23.898846
583 42.905729 23.898856
584 42.905843 23.898858
585 42.905959 23.898859
586 42.906074 23.898854
587 42.906188 23.898846
588 42.906301 23.898836
589 42.906412 23.898832
590 42.906526 23.898834
591 42.906643 23.898831
592 42.906761 23.898822
593 42.906879 23.898813
594 42.906996 23.898801
595 42.907114 23.898792
596 42.907231 23.898776
597 42.907347 23.898769
598 42.907463 23.898762
599 42.907578 23.898758
600 42.907694 23.898744
601 42.907811 23.898723
602 42.907929 23.898702
603 42.908048 23.898684
604 42.908163 23.898669
605 42.908238 23.898747
606 42.908219 23.898870
607 42.908125 23.898920
608 42.908010 23.898944
609 42.907895 23.898971
610 42.907795 23.898997
611 42.907726 23.899007
612 42.907673 23.899018
613 42.907625 23.899027
614 42.907582 23.899045
615 42.907540 23.899061
616 42.907488 23.899079
617 42.907404 23.899093
618 42.907305 23.899111
619 42.907203 23.899130
620 42.907101 23.899148
621 42.906999 23.899165
622 42.906897 23.899169
623 42.906789 23.899178
624 42.906681 23.899190
625 42.906573 23.899204
626 42.906464 23.899221
627 42.906357 23.899230
628 42.906250 23.899238
629 42.906142 23.899243
630 42.906034 23.899238
631 42.905926 23.899228
632 42.905817 23.899224
633 42.905709 23.899220
634 42.905601 23.899219
635 42.905492 23.899220
636 42.905383 23.899223
637 42.905274 23.899223
638 42.905167 23.899223
639 42.905059 23.899215
640 42.904948 23.899208
641 42.904838 23.899198
642 42.904729 23.899213
643 42.904652 23.899303
644 42.904603 23.899431
645 42.904593 23.899575
646 42.904669 23.899639
647 42.904772 23.899637
648 42.904881 23.899622
649 42.904992 23.899606
650 42.905103 23.899595
651 42.905213 23.899587
652 42.905324 23.899585
653 42.905434 23.899577
654 42.905542 23.899572
655 42.905652 23.899566
656 42.905763 23.899559
657 42.905873 23.899549
658 42.905982 23.899537
659 42.906093 23.899527
660 42.906204 23.899515
661 42.906315 23.899500
662 42.906425 23.899482
663 42.906536 23.899463
664 42.906647 23.899450
665 42.906755 23.899434
666 42.906867 23.899423
667 42.906965 23.899410
668 42.907041 23.899405
669 42.907094 23.899393
670 42.907134 23.899386
