10:17:00   42 54 30.4136774  23 53 44.2016148
10:17:05   42 54 30.0404674  23 53 44.2035308
10:17:10   42 54 29.6398687  23 53 44.1146212
10:17:15   42 54 29.2353573  23 53 43.9804275
10:17:20   42 54 28.8397296  23 53 43.8085387
10:17:25   42 54 28.4512167  23 53 43.6471632
10:17:30   42 54 28.0604385  23 53 43.4743865
10:17:35   42 54 27.6649515  23 53 43.2929586
10:17:40   42 54 27.2674292  23 53 43.1406215
10:17:45   42 54 26.8668054  23 53 43.0067150
10:17:50   42 54 26.4717956  23 53 42.8547439
10:17:55   42 54 26.0772019  23 53 42.6626845
10:18:00   42 54 25.6685976  23 53 42.5235803
10:18:05   42 54 25.2793887  23 53 42.3547885
10:18:10   42 54 24.8850402  23 53 42.1935521
10:18:15   42 54 24.4829043  23 53 42.0639369
10:18:20   42 54 24.0849578  23 53 41.9373510
10:18:25   42 54 23.6900996  23 53 41.7781729
10:18:30   42 54 23.2918888  23 53 41.5952402
10:18:35   42 54 22.9088641  23 53 41.4127687
10:18:40   42 54 22.5338202  23 53 41.1983260
10:18:45   42 54 22.1457155  23 53 40.9944270
10:18:50   42 54 21.7570682  23 53 40.7953284
10:18:55   42 54 21.3746119  23 53 40.5669228
10:19:00   42 54 20.9886733  23 53 40.3527268
10:19:05   42 54 20.6046638  23 53 40.1271168
10:19:10   42 54 20.2346001  23 53 39.8852140
10:19:15   42 54 19.8714748  23 53 39.6528780
10:19:20   42 54 19.5122853  23 53 39.4325653
10:19:25   42 54 19.1497799  23 53 39.1911200
10:19:30   42 54 18.7720860  23 53 38.9303600
10:19:35   42 54 18.3809760  23 53 38.9819991
10:19:40   42 54 18.1554241  23 53 39.4263886
10:19:45   42 54 18.2040878  23 53 39.9339471
10:19:50   42 54 18.5396259  23 53 40.2191856
10:19:55   42 54 18.9369343  23 53 40.4112999
10:20:00   42 54 19.3313340  23 53 40.5841680
10:20:05   42 54 19.7163336  23 53 40.7694929
10:20:10   42 54 20.1017756  23 53 40.9690095
10:20:15   42 54 20.4971359  23 53 41.1595374
10:20:20   42 54 20.8917927  23 53 41.3284364
10:20:25   42 54 21.2797650  23 53 41.5200515
10:20:30   42 54 21.6617251  23 53 41.7419338
10:20:35   42 54 22.0349195  23 53 41.9906316
10:20:40   42 54 22.4161176  23 53 42.2190686
10:20:45   42 54 22.8070844  23 53 42.4157857
10:20:50   42 54 23.2061755  23 53 42.6170649
10:20:55   42 54 23.6038096  23 53 42.8177609
10:21:00   42 54 24.0049946  23 53 43.0040525
10:21:05   42 54 24.4095070  23 53 43.1859741
10:21:10   42 54 24.8132694  23 53 43.3565616
10:21:15   42 54 25.2176092  23 53 43.5358765
10:21:20   42 54 25.6234644  23 53 43.7151901
10:21:25   42 54 26.0253312  23 53 43.8687605
10:21:30   42 54 26.4259443  23 53 44.0394342
10:21:35   42 54 26.8318163  23 53 44.2087335
10:21:40   42 54 27.2414145  23 53 44.3423468
10:21:45   42 54 27.6490574  23 53 44.4955079
10:21:50   42 54 28.0536190  23 53 44.6619817
10:21:55   42 54 28.4622769  23 53 44.8291752
10:22:00   42 54 28.8699764  23 53 44.9969576
10:22:05   42 54 29.2802983  23 53 45.1457759
10:22:10   42 54 29.6929521  23 53 45.2843362
10:22:15   42 54 30.1083190  23 53 45.4126128
10:22:20   42 54 30.4934013  23 53 45.5070750
10:22:25   42 54 30.6219061  23 53 45.9498001
10:22:30   42 54 30.6774853  23 53 46.4866860
10:22:35   42 54 30.4931804  23 53 46.8191073
10:22:40   42 54 30.1290083  23 53 46.7839651
10:22:45   42 54 29.7453637  23 53 46.6286509
10:22:50   42 54 29.3562827  23 53 46.4446718
10:22:55   42 54 28.9679710  23 53 46.3608975
10:23:00   42 54 28.5895433  23 53 46.1991248
10:23:05   42 54 28.2239507  23 53 45.9709679
10:23:10   42 54 27.8537752  23 53 45.8029381
10:23:15   42 54 27.4812150  23 53 45.6177270
10:23:20   42 54 27.0771346  23 53 45.4884137
10:23:25   42 54 26.6834226  23 53 45.2829785
10:23:30   42 54 26.2902044  23 53 45.0648260
10:23:35   42 54 25.8997297  23 53 44.8975030
10:23:40   42 54 25.5268960  23 53 44.7031614
10:23:45   42 54 25.1563702  23 53 44.4950662
10:23:50   42 54 24.7796169  23 53 44.2792722
10:23:55   42 54 24.4013061  23 53 44.0903865
10:24:00   42 54 24.0228880  23 53 43.8978122
10:24:05   42 54 23.6445522  23 53 43.7077170
10:24:10   42 54 23.2578410  23 53 43.5216479
10:24:15   42 54 22.8640505  23 53 43.3375377
10:24:20   42 54 22.4646311  23 53 43.1483484
10:24:25   42 54 22.0689106  23 53 42.9610930
10:24:30   42 54 21.6716231  23 53 42.7691770
10:24:35   42 54 21.2797941  23 53 42.5888588
10:24:40   42 54 20.8946127  23 53 42.3882138
10:24:45   42 54 20.5097047  23 53 42.1959371
10:24:50   42 54 20.1277276  23 53 41.9953271
10:24:55   42 54 19.7534384  23 53 41.7877487
10:25:00   42 54 19.3805272  23 53 41.5424405
10:25:05   42 54 18.9747737  23 53 41.3691716
10:25:10   42 54 18.6442136  23 53 41.6062393
10:25:15   42 54 18.5951673  23 53 42.0961573
10:25:20   42 54 18.8656974  23 53 42.4764838
10:25:25   42 54 19.2576141  23 53 42.5828155
10:25:30   42 54 19.6583578  23 53 42.7282101
10:25:35   42 54 20.0535025  23 53 42.8952710
10:25:40   42 54 20.4477052  23 53 43.0551958
10:25:45   42 54 20.8358671  23 53 43.2409034
10:25:50   42 54 21.2131377  23 53 43.4358224
10:25:55   42 54 21.5883096  23 53 43.6637620
10:26:00   42 54 21.9744871  23 53 43.8753804
10:26:05   42 54 22.3644980  23 53 44.0636960
10:26:10   42 54 22.7575211  23 53 44.2605517
10:26:15   42 54 23.1496188  23 53 44.4638179
10:26:20   42 54 23.5437665  23 53 44.6628479
10:26:25   42 54 23.9378273  23 53 44.8425291
10:26:30   42 54 24.3255151  23 53 45.0244115
10:26:35   42 54 24.7119131  23 53 45.2224439
10:26:40   42 54 25.1047833  23 53 45.4100303
10:26:45   42 54 25.5019231  23 53 45.6036041
10:26:50   42 54 25.9033737  23 53 45.8015478
10:26:55   42 54 26.3010029  23 53 46.0126150
10:27:00   42 54 26.7032246  23 53 46.1740867
10:27:05   42 54 27.0964635  23 53 46.3606231
10:27:10   42 54 27.4820524  23 53 46.5976484
10:27:15   42 54 27.8688379  23 53 46.8135326
10:27:20   42 54 28.2548966  23 53 47.0364991
10:27:25   42 54 28.6433724  23 53 47.2496713
10:27:30   42 54 29.0295160  23 53 47.4524714
10:27:35   42 54 29.4048381  23 53 47.6673598
10:27:40   42 54 29.7053513  23 53 47.9762896
10:27:45   42 54 29.8945874  23 53 48.4298935
10:27:50   42 54 29.8785443  23 53 48.8972211
10:27:55   42 54 29.5669583  23 53 49.0520102
10:28:00   42 54 29.1721908  23 53 48.9864596
10:28:05   42 54 28.7724466  23 53 48.8616826
10:28:10   42 54 28.3740253  23 53 48.7230552
10:28:15   42 54 27.9776497  23 53 48.5682035
10:28:20   42 54 27.5840296  23 53 48.3922339
10:28:25   42 54 27.1901341  23 53 48.2162707
10:28:30   42 54 26.7945070  23 53 48.0656976
10:28:35   42 54 26.3879739  23 53 47.9313629
10:28:40   42 54 25.9802030  23 53 47.8455197
10:28:45   42 54 25.5769978  23 53 47.7136900
10:28:50   42 54 25.1770915  23 53 47.5699150
10:28:55   42 54 24.7785377  23 53 47.3837842
10:29:00   42 54 24.3829180  23 53 47.1885953
10:29:05   42 54 23.9843070  23 53 46.9967907
10:29:10   42 54 23.5920151  23 53 46.8131517
10:29:15   42 54 23.2047650  23 53 46.6155453
10:29:20   42 54 22.8197221  23 53 46.4126472
10:29:25   42 54 22.4385676  23 53 46.1870695
10:29:30   42 54 22.0611358  23 53 45.9605163
10:29:35   42 54 21.6771274  23 53 45.7389103
10:29:40   42 54 21.2953133  23 53 45.5025096
10:29:45   42 54 20.9201830  23 53 45.2522834
10:29:50   42 54 20.5604020  23 53 44.9731389
10:29:55   42 54 20.2019920  23 53 44.6960413
10:30:00   42 54 19.8303682  23 53 44.4434803
10:30:05   42 54 19.4482987  23 53 44.2160326
10:30:10   42 54 19.0507988  23 53 44.0836874
10:30:15   42 54 18.7227387  23 53 44.3514228
10:30:20   42 54 18.4593951  23 53 44.7868091
10:30:25   42 54 18.4022136  23 53 45.3243435
10:30:30   42 54 18.6698527  23 53 45.6946749
10:30:35   42 54 19.0565382  23 53 45.8701673
10:30:40   42 54 19.4720485  23 53 46.0032337
10:30:45   42 54 19.8799101  23 53 46.1290379
10:30:50   42 54 20.2785290  23 53 46.2701984
10:30:55   42 54 20.6680789  23 53 46.4416044
10:31:00   42 54 21.0606216  23 53 46.6237365
10:31:05   42 54 21.4491557  23 53 46.8236349
10:31:10   42 54 21.8303441  23 53 47.0284877
10:31:15   42 54 22.2129394  23 53 47.2347448
10:31:20   42 54 22.6028832  23 53 47.4304445
10:31:25   42 54 23.0042067  23 53 47.6119463
10:31:30   42 54 23.4074279  23 53 47.7930639
10:31:35   42 54 23.8106112  23 53 47.9686134
10:31:40   42 54 24.2041317  23 53 48.1367597
10:31:45   42 54 24.5995523  23 53 48.3096110
10:31:50   42 54 24.9991172  23 53 48.4618032
10:31:55   42 54 25.4052752  23 53 48.6251171
10:32:00   42 54 25.8146307  23 53 48.7656554
10:32:05   42 54 26.2163612  23 53 48.8876083
10:32:10   42 54 26.6240550  23 53 49.0147960
10:32:15   42 54 27.0357049  23 53 49.1389459
10:32:20   42 54 27.4490145  23 53 49.2697888
10:32:25   42 54 27.8616899  23 53 49.3887788
10:32:30   42 54 28.2789790  23 53 49.4830517
10:32:35   42 54 28.6949076  23 53 49.5724101
10:32:40   42 54 29.1101584  23 53 49.6688979
10:32:45   42 54 29.5250965  23 53 49.7452569
10:32:50   42 54 29.8606144  23 53 49.9381746
10:32:55   42 54 30.0052591  23 53 50.3912207
10:33:00   42 54 29.9368236  23 53 50.8615241
10:33:05   42 54 29.6054067  23 53 51.0632666
10:33:10   42 54 29.2106189  23 53 51.0608375
10:33:15   42 54 28.8047480  23 53 50.9525047
10:33:20   42 54 28.3991877  23 53 50.8298952
10:33:25   42 54 27.9925066  23 53 50.6912569
10:33:30   42 54 27.5960860  23 53 50.5179522
10:33:35   42 54 27.2098194  23 53 50.3205432
10:33:40   42 54 26.8321128  23 53 50.0882048
10:33:45   42 54 26.4468288  23 53 49.8660364
10:33:50   42 54 26.0461115  23 53 49.7028864
10:33:55   42 54 25.6348584  23 53 49.5626649
10:34:00   42 54 25.2217497  23 53 49.3916775
10:34:05   42 54 24.8087950  23 53 49.2442193
10:34:10   42 54 24.3960700  23 53 49.1065562
10:34:15   42 54 23.9763277  23 53 48.9710580
10:34:20   42 54 23.5622597  23 53 48.8027621
10:34:25   42 54 23.1682913  23 53 48.6996068
10:34:30   42 54 22.7791821  23 53 48.5184276
10:34:35   42 54 22.3813973  23 53 48.2966016
10:34:40   42 54 21.9857617  23 53 48.0934462
10:34:45   42 54 21.5908834  23 53 47.8934146
10:34:50   42 54 21.2244277  23 53 47.6172440
10:34:55   42 54 20.8433536  23 53 47.3664441
10:35:00   42 54 20.4500506  23 53 47.1723502
10:35:05   42 54 20.0610422  23 53 46.9612462
10:35:10   42 54 19.6783282  23 53 46.7170522
10:35:15   42 54 19.2895945  23 53 46.4748718
10:35:20   42 54 18.8924457  23 53 46.2517794
10:35:25   42 54 18.4930473  23 53 46.0541189
10:35:30   42 54 18.1108850  23 53 45.7960431
10:35:35   42 54 17.7471197  23 53 45.9317015
10:35:40   42 54 17.6537668  23 53 46.4272199
10:35:45   42 54 17.8204709  23 53 46.8554647
10:35:50   42 54 18.1689067  23 53 47.1636515
10:35:55   42 54 18.5702880  23 53 47.3909144
10:36:00   42 54 18.9727581  23 53 47.5484300
10:36:05   42 54 19.3593391  23 53 47.7369832
10:36:10   42 54 19.7510141  23 53 47.9262354
10:36:15   42 54 20.1428207  23 53 48.1025618
10:36:20   42 54 20.5415656  23 53 48.2846447
10:36:25   42 54 20.9363104  23 53 48.4698669
10:36:30   42 54 21.3371112  23 53 48.6594124
10:36:35   42 54 21.7388234  23 53 48.8645399
10:36:40   42 54 22.1402110  23 53 49.0442189
10:36:45   42 54 22.5442346  23 53 49.2068262
10:36:50   42 54 22.9515744  23 53 49.3764404
10:36:55   42 54 23.3598942  23 53 49.5498307
10:37:00   42 54 23.7679885  23 53 49.7229329
10:37:05   42 54 24.1750887  23 53 49.8964094
10:37:10   42 54 24.5880448  23 53 50.0567206
10:37:15   42 54 24.9988191  23 53 50.2293579
10:37:20   42 54 25.4164944  23 53 50.3488076
10:37:25   42 54 25.8276085  23 53 50.4764933
10:37:30   42 54 26.2437909  23 53 50.6203735
10:37:35   42 54 26.6597519  23 53 50.7498332
10:37:40   42 54 27.0723447  23 53 50.8689909
10:37:45   42 54 27.4896539  23 53 50.9637042
10:37:50   42 54 27.9042154  23 53 51.0771893
10:37:55   42 54 28.3221274  23 53 51.1844517
10:38:00   42 54 28.7445157  23 53 51.2619059
10:38:05   42 54 29.1727694  23 53 51.2922259
10:38:10   42 54 29.5880580  23 53 51.3029450
10:38:15   42 54 29.9291174  23 53 51.5052697
10:38:20   42 54 30.0201243  23 53 51.9605950
10:38:25   42 54 29.7884638  23 53 52.2870315
10:38:30   42 54 29.4066832  23 53 52.3275033
10:38:35   42 54 28.9980326  23 53 52.2454228
10:38:40   42 54 28.5830510  23 53 52.1138265
10:38:45   42 54 28.1648652  23 53 51.9858264
10:38:50   42 54 27.7601309  23 53 51.8462175
10:38:55   42 54 27.3537474  23 53 51.7014536
10:39:00   42 54 26.9539960  23 53 51.5432907
10:39:05   42 54 26.5457293  23 53 51.3851229
10:39:10   42 54 26.1251035  23 53 51.2534372
10:39:15   42 54 25.7030504  23 53 51.1723637
10:39:20   42 54 25.2808251  23 53 51.1153069
10:39:25   42 54 24.8705572  23 53 51.0309863
10:39:30   42 54 24.4523632  23 53 50.9058258
10:39:35   42 54 24.0270588  23 53 50.8309533
10:39:40   42 54 23.6135786  23 53 50.7404850
10:39:45   42 54 23.2012148  23 53 50.6072488
10:39:50   42 54 22.8003135  23 53 50.4423765
10:39:55   42 54 22.4105562  23 53 50.2336356
10:40:00   42 54 22.0175351  23 53 50.0176750
10:40:05   42 54 21.6250067  23 53 49.7986514
10:40:10   42 54 21.2450239  23 53 49.5443899
10:40:15   42 54 20.8638176  23 53 49.2817457
10:40:20   42 54 20.4825040  23 53 49.0142206
10:40:25   42 54 20.0954077  23 53 48.7640723
10:40:30   42 54 19.7096825  23 53 48.5020394
10:40:35   42 54 19.3271519  23 53 48.2423190
10:40:40   42 54 18.9117446  23 53 48.0304048
10:40:45   42 54 18.5176215  23 53 48.2311924
10:40:50   42 54 18.3313230  23 53 48.7516348
10:40:55   42 54 18.5304412  23 53 49.2077709
10:41:00   42 54 18.9294512  23 53 49.3323848
10:41:05   42 54 19.3412747  23 53 49.4522989
10:41:10   42 54 19.7488302  23 53 49.5994700
10:41:15   42 54 20.1474447  23 53 49.7697426
10:41:20   42 54 20.5395118  23 53 49.9602717
10:41:25   42 54 20.9388266  23 53 50.1556290
10:41:30   42 54 21.3493744  23 53 50.3360356
10:41:35   42 54 21.7600862  23 53 50.5002712
10:41:40   42 54 22.1635398  23 53 50.6699550
10:41:45   42 54 22.5632141  23 53 50.8367506
10:41:50   42 54 22.9704943  23 53 51.0152018
10:41:55   42 54 23.3823716  23 53 51.1713204
10:42:00   42 54 23.7416879  23 53 51.3132698
10:42:05   42 54 23.9700476  23 53 51.3922727
10:42:10   42 54 24.1269614  23 53 51.4240043
10:42:15   42 54 24.2476400  23 53 51.4527668
10:42:20   42 54 24.3459969  23 53 51.4809923
10:42:25   42 54 24.4274939  23 53 51.5086606
10:42:30   42 54 24.4956935  23 53 51.5334466
10:42:35   42 54 24.5535164  23 53 51.5551352
10:42:40   42 54 24.6041424  23 53 51.5736928
10:42:45   42 54 24.6483154  23 53 51.5910752
10:42:50   42 54 24.6884746  23 53 51.6075603
10:42:55   42 54 24.7248255  23 53 51.6248173
10:43:00   42 54 24.7578880  23 53 51.6437681
10:43:05   42 54 24.7880551  23 53 51.6644233
10:43:10   42 54 24.8150027  23 53 51.6866012
10:43:15   42 54 24.8385795  23 53 51.7125165
10:43:20   42 54 24.8596748  23 53 51.7413443
10:43:25   42 54 24.8782043  23 53 51.7717995
10:43:30   42 54 24.8951457  23 53 51.8032836
10:43:35   42 54 24.9103297  23 53 51.8353636
10:43:40   42 54 24.9237742  23 53 51.8673413
10:43:45   42 54 24.9355566  23 53 51.8998212
10:43:50   42 54 24.9459965  23 53 51.9326129
10:43:55   42 54 24.9558424  23 53 51.9655698
10:44:00   42 54 24.9650799  23 53 51.9978716
10:44:05   42 54 24.9740535  23 53 52.0311100
10:44:10   42 54 24.9832520  23 53 52.0641437
10:44:15   42 54 24.9924001  23 53 52.0964136
10:44:20   42 54 25.0005566  23 53 52.1281059
10:44:25   42 54 25.0078010  23 53 52.1608202
10:44:30   42 54 25.0145404  23 53 52.1955324
10:44:35   42 54 25.0209733  23 53 52.2337836
10:44:40   42 54 25.0270184  23 53 52.2727805
10:44:45   42 54 25.0331127  23 53 52.3126726
10:44:50   42 54 25.0393451  23 53 52.3521656
10:44:55   42 54 25.0458142  23 53 52.3913333
10:45:00   42 54 25.0523138  23 53 52.4302579
10:45:05   42 54 25.0586401  23 53 52.4669227
10:45:10   42 54 25.0650572  23 53 52.5020483
10:45:15   42 54 25.0712417  23 53 52.5360204
10:45:20   42 54 25.0771137  23 53 52.5691079
10:45:25   42 54 25.0835596  23 53 52.6012200
10:45:30   42 54 25.0902590  23 53 52.6321903
10:45:35   42 54 25.0972400  23 53 52.6620797
10:45:40   42 54 25.1037803  23 53 52.6918359
10:45:45   42 54 25.1103530  23 53 52.7221859
10:45:50   42 54 25.1173839  23 53 52.7529977
10:45:55   42 54 25.1244703  23 53 52.7841147
10:46:00   42 54 25.1317820  23 53 52.8153489
10:46:05   42 54 25.1391170  23 53 52.8458052
10:46:10   42 54 25.1460272  23 53 52.8756441
10:46:15   42 54 25.1524576  23 53 52.9052318
10:46:20   42 54 25.1582598  23 53 52.9347504
10:46:25   42 54 25.1641987  23 53 52.9639471
10:46:30   42 54 25.1701157  23 53 52.9924201
10:46:35   42 54 25.1757790  23 53 53.0206538
10:46:40   42 54 25.1816447  23 53 53.0490965
10:46:45   42 54 25.1881370  23 53 53.0783232
10:46:50   42 54 25.1954930  23 53 53.1080728
10:46:55   42 54 25.2039294  23 53 53.1379066
10:47:00   42 54 25.2133372  23 53 53.1675815
10:47:05   42 54 25.2235404  23 53 53.1962812
10:47:10   42 54 25.2333414  23 53 53.2241945
10:47:15   42 54 25.2427859  23 53 53.2507299
10:47:20   42 54 25.2520577  23 53 53.2764150
10:47:25   42 54 25.2611584  23 53 53.3015955
10:47:30   42 54 25.2705536  23 53 53.3260435
10:47:35   42 54 25.2797203  23 53 53.3501498
10:47:40   42 54 25.2882040  23 53 53.3748745
10:47:45   42 54 25.2970636  23 53 53.3996572
10:47:50   42 54 25.3057214  23 53 53.4247890
10:47:55   42 54 25.3147299  23 53 53.4498088
10:48:00   42 54 25.3235491  23 53 53.4755523
10:48:05   42 54 25.3327672  23 53 53.5020264
10:48:10   42 54 25.3425099  23 53 53.5296524
10:48:15   42 54 25.3529589  23 53 53.5581033
10:48:20   42 54 25.3640341  23 53 53.5879072
10:48:25   42 54 25.3755712  23 53 53.6184759
10:48:30   42 54 25.3875678  23 53 53.6496037
10:48:35   42 54 25.3997305  23 53 53.6832623
10:48:40   42 54 25.4111291  23 53 53.7182891
10:48:45   42 54 25.4213086  23 53 53.7545975
10:48:50   42 54 25.4312099  23 53 53.7908407
10:48:55   42 54 25.4411572  23 53 53.8256727
10:49:00   42 54 25.4509143  23 53 53.8593821
10:49:05   42 54 25.4604991  23 53 53.8917335
10:49:10   42 54 25.4705608  23 53 53.9230604
10:49:15   42 54 25.4798895  23 53 53.9552415
10:49:20   42 54 25.4889591  23 53 53.9858959
10:49:25   42 54 25.4981234  23 53 54.0151222
10:49:30   42 54 25.5075522  23 53 54.0434557
10:49:35   42 54 25.5165503  23 53 54.0707097
10:49:40   42 54 25.5253090  23 53 54.0971130
10:49:45   42 54 25.5337885  23 53 54.1229759
10:49:50   42 54 25.5422173  23 53 54.1472689
10:49:55   42 54 25.5500881  23 53 54.1710456
10:50:00   42 54 25.5573729  23 53 54.1944774
10:50:05   42 54 25.5638107  23 53 54.2174966
10:50:10   42 54 25.5697090  23 53 54.2395427
10:50:15   42 54 25.5744525  23 53 54.2615605
10:50:20   42 54 25.6114683  23 53 54.4187117
10:50:25   42 54 25.7989763  23 53 54.7069512
10:50:30   42 54 26.0717978  23 53 54.6521879
10:50:35   42 54 26.1903629  23 53 54.3064139
10:50:40   42 54 26.0351549  23 53 53.9973120
10:50:45   42 54 25.7529945  23 53 53.7518655
10:50:50   42 54 25.4303556  23 53 53.5302789
10:50:55   42 54 25.1069807  23 53 53.3117820
10:51:00   42 54 24.7934010  23 53 53.0677880
10:51:05   42 54 24.4881714  23 53 52.7985792
10:51:10   42 54 24.2286752  23 53 52.5633864
10:51:15   42 54 24.0588720  23 53 52.3876058
10:51:20   42 54 23.9238246  23 53 52.2862486
10:51:25   42 54 23.8178856  23 53 52.2337084
10:51:30   42 54 23.7424202  23 53 52.1779690
10:51:35   42 54 23.6871568  23 53 52.1209051
10:51:40   42 54 23.6435736  23 53 52.0695032
10:51:45   42 54 23.6050994  23 53 52.0251614
10:51:50   42 54 23.5698135  23 53 51.9863755
10:51:55   42 54 23.5353751  23 53 51.9539322
10:52:00   42 54 23.5024301  23 53 51.9273363
10:52:05   42 54 23.4705081  23 53 51.9068602
10:52:10   42 54 23.4394056  23 53 51.8919501
10:52:15   42 54 23.4104365  23 53 51.8803146
10:52:20   42 54 23.3812789  23 53 51.8735031
10:52:25   42 54 23.3541525  23 53 51.8698292
10:52:30   42 54 23.3279399  23 53 51.8692913
10:52:35   42 54 23.3024493  23 53 51.8726146
10:52:40   42 54 23.2782970  23 53 51.8790020
10:52:45   42 54 23.2327859  23 53 51.9415701
10:52:50   42 54 23.1100002  23 53 51.9718289
10:52:55   42 54 23.0152831  23 53 51.7866195
10:53:00   42 54 22.8724648  23 53 51.5861401
10:53:05   42 54 22.7226668  23 53 51.3385144
10:53:10   42 54 22.5630422  23 53 51.0630002
10:53:15   42 54 22.3893865  23 53 50.7894372
10:53:20   42 54 22.2624764  23 53 50.5347270
10:53:25   42 54 22.1872193  23 53 50.2403412
10:53:30   42 54 22.0040711  23 53 50.1407152
10:53:35   42 54 21.8281052  23 53 50.2538623
10:53:40   42 54 21.7589573  23 53 50.5033512
10:53:45   42 54 21.8332416  23 53 50.7422533
10:53:50   42 54 22.0044506  23 53 50.8677868
10:53:55   42 54 22.2259356  23 53 50.9517921
10:54:00   42 54 22.4864408  23 53 51.0105345
10:54:05   42 54 22.7662548  23 53 51.0642813
10:54:10   42 54 23.0512335  23 53 51.1168682
10:54:15   42 54 23.3353383  23 53 51.1856365
10:54:20   42 54 23.6217043  23 53 51.3063308
10:54:25   42 54 23.9153704  23 53 51.4455788
10:54:30   42 54 24.2169331  23 53 51.5634943
10:54:35   42 54 24.5203830  23 53 51.6822123
10:54:40   42 54 24.8274929  23 53 51.7958735
10:54:45   42 54 25.1378179  23 53 51.8905754
10:54:50   42 54 25.4487339  23 53 51.9953784
10:54:55   42 54 25.7577301  23 53 52.1204948
10:55:00   42 54 26.0711689  23 53 52.2074990
10:55:05   42 54 26.3843598  23 53 52.2847974
10:55:10   42 54 26.7001816  23 53 52.3789648
10:55:15   42 54 27.0156984  23 53 52.4592287
10:55:20   42 54 27.3341925  23 53 52.5489104
10:55:25   42 54 27.6568589  23 53 52.6515074
10:55:30   42 54 27.9787783  23 53 52.6944141
10:55:35   42 54 28.3005424  23 53 52.7542038
10:55:40   42 54 28.6136670  23 53 52.8433028
10:55:45   42 54 28.9262403  23 53 52.9430594
10:55:50   42 54 29.2182258  23 53 53.0746480
10:55:55   42 54 29.4338513  23 53 53.3402278
10:56:00   42 54 29.5373080  23 53 53.6728754
10:56:05   42 54 29.4400030  23 53 53.9594193
10:56:10   42 54 29.2005825  23 53 54.0286291
10:56:15   42 54 28.9089114  23 53 53.9845294
10:56:20   42 54 28.5917866  23 53 53.9185305
10:56:25   42 54 28.2666310  23 53 53.8423780
10:56:30   42 54 27.9374433  23 53 53.7858710
10:56:35   42 54 27.6122513  23 53 53.7253979
10:56:40   42 54 27.2914071  23 53 53.6893355
10:56:45   42 54 26.9718044  23 53 53.6514092
10:56:50   42 54 26.6529026  23 53 53.6748770
10:56:55   42 54 26.3286233  23 53 53.7121019
10:57:00   42 54 26.0134301  23 53 53.7495024
10:57:05   42 54 25.7032338  23 53 53.7107666
10:57:10   42 54 25.3915136  23 53 53.6293077
10:57:15   42 54 25.0777704  23 53 53.5367676
10:57:20   42 54 24.7623774  23 53 53.4750847
10:57:25   42 54 24.4459125  23 53 53.4018972
10:57:30   42 54 24.1327485  23 53 53.3109919
10:57:35   42 54 23.8223257  23 53 53.2133601
10:57:40   42 54 23.5107523  23 53 53.0905981
10:57:45   42 54 23.1974026  23 53 52.9708969
10:57:50   42 54 22.8848129  23 53 52.8447145
10:57:55   42 54 22.5734326  23 53 52.7289924
10:58:00   42 54 22.2623379  23 53 52.6254967
10:58:05   42 54 21.9558980  23 53 52.5088053
10:58:10   42 54 21.6492897  23 53 52.3913167
10:58:15   42 54 21.3428734  23 53 52.3052199
10:58:20   42 54 21.0352285  23 53 52.1801077
10:58:25   42 54 20.7006646  23 53 52.0483101
10:58:30   42 54 20.3519411  23 53 51.9125095
10:58:35   42 54 19.9973899  23 53 51.7635816
10:58:40   42 54 19.6382338  23 53 51.6407613
10:58:45   42 54 19.2872870  23 53 51.5161630
10:58:50   42 54 18.9382930  23 53 51.3976036
10:58:55   42 54 18.5853629  23 53 51.2865991
10:59:00   42 54 18.2247965  23 53 51.1625554
10:59:05   42 54 17.9763515  23 53 51.3739023
10:59:10   42 54 17.8378874  23 53 51.7792777
10:59:15   42 54 17.7428162  23 53 52.2540676
10:59:20   42 54 17.7543533  23 53 52.7495213
10:59:25   42 54 17.9854752  23 53 53.0646447
10:59:30   42 54 18.3062027  23 53 53.2743824
10:59:35   42 54 18.6625896  23 53 53.4323977
10:59:40   42 54 19.0440514  23 53 53.5486528
10:59:45   42 54 19.4400770  23 53 53.6062988
10:59:50   42 54 19.8340726  23 53 53.6597794
10:59:55   42 54 20.2285307  23 53 53.7156632
11:00:00   42 54 20.6212042  23 53 53.7794103
11:00:05   42 54 21.0116028  23 53 53.8409305
11:00:10   42 54 21.4007866  23 53 53.9142413
11:00:15   42 54 21.7870322  23 53 53.9951456
11:00:20   42 54 22.1719955  23 53 54.0926302
11:00:25   42 54 22.5583739  23 53 54.1891767
11:00:30   42 54 22.9419929  23 53 54.2650982
11:00:35   42 54 23.3285091  23 53 54.3224430
11:00:40   42 54 23.7177843  23 53 54.3838395
11:00:45   42 54 24.1077810  23 53 54.4684415
11:00:50   42 54 24.4926733  23 53 54.5337306
11:00:55   42 54 24.8766791  23 53 54.5761439
11:01:00   42 54 25.2617687  23 53 54.6111567
11:01:05   42 54 25.6506096  23 53 54.6416442
11:01:10   42 54 26.0407640  23 53 54.6750858
11:01:15   42 54 26.4320150  23 53 54.6991739
11:01:20   42 54 26.8241396  23 53 54.7106741
11:01:25   42 54 27.2157368  23 53 54.7365196
11:01:30   42 54 27.6078331  23 53 54.7669373
11:01:35   42 54 28.0021092  23 53 54.7694415
11:01:40   42 54 28.3960839  23 53 54.7680599
11:01:45   42 54 28.7874567  23 53 54.7560289
11:01:50   42 54 29.1633252  23 53 54.6721100
11:01:55   42 54 29.4457060  23 53 54.8007943
11:02:00   42 54 29.4053485  23 53 55.1226549
11:02:05   42 54 29.1247720  23 53 55.3141557
11:02:10   42 54 28.7758396  23 53 55.3670912
11:02:15   42 54 28.4084069  23 53 55.3532206
11:02:20   42 54 28.0335010  23 53 55.3481435
11:02:25   42 54 27.6547808  23 53 55.3571958
11:02:30   42 54 27.2712158  23 53 55.3761972
11:02:35   42 54 26.8853468  23 53 55.3844808
11:02:40   42 54 26.4971984  23 53 55.4055861
11:02:45   42 54 26.1104287  23 53 55.4106705
11:02:50   42 54 25.7216737  23 53 55.3937238
11:02:55   42 54 25.3337117  23 53 55.3879336
11:03:00   42 54 24.9454551  23 53 55.3822737
11:03:05   42 54 24.5555505  23 53 55.3763336
11:03:10   42 54 24.1664801  23 53 55.3751969
11:03:15   42 54 23.7710922  23 53 55.3458838
11:03:20   42 54 23.3686307  23 53 55.3406311
11:03:25   42 54 22.9617808  23 53 55.3378797
11:03:30   42 54 22.5585054  23 53 55.3032193
11:03:35   42 54 22.1567847  23 53 55.2723367
11:03:40   42 54 21.7501996  23 53 55.2288762
11:03:45   42 54 21.3425034  23 53 55.1707895
11:03:50   42 54 20.9354251  23 53 55.1102939
11:03:55   42 54 20.5279469  23 53 55.0598411
11:04:00   42 54 20.1208910  23 53 55.0241751
11:04:05   42 54 19.7201425  23 53 54.9973464
11:04:10   42 54 19.3220095  23 53 54.9671696
11:04:15   42 54 18.9283528  23 53 54.8820604
11:04:20   42 54 18.5340434  23 53 54.7711116
11:04:25   42 54 18.1362027  23 53 54.6542960
11:04:30   42 54 17.7385534  23 53 54.5669918
11:04:35   42 54 17.3258858  23 53 54.5186938
11:04:40   42 54 17.0497568  23 53 54.8571802
11:04:45   42 54 17.0323602  23 53 55.3366257
11:04:50   42 54 17.3465929  23 53 55.5713889
11:04:55   42 54 17.7439676  23 53 55.6755389
11:05:00   42 54 18.1503239  23 53 55.7192475
11:05:05   42 54 18.5651252  23 53 55.7475601
11:05:10   42 54 18.9823573  23 53 55.7443817
11:05:15   42 54 19.3911005  23 53 55.7818661
11:05:20   42 54 19.7972850  23 53 55.8055523
11:05:25   42 54 20.2107258  23 53 55.8451618
11:05:30   42 54 20.6230484  23 53 55.8811078
11:05:35   42 54 21.0354551  23 53 55.8895538
11:05:40   42 54 21.4509641  23 53 55.8908784
11:05:45   42 54 21.8648394  23 53 55.8736031
11:05:50   42 54 22.2757001  23 53 55.8439925
11:05:55   42 54 22.6818476  23 53 55.8099953
11:06:00   42 54 23.0849854  23 53 55.7952547
11:06:05   42 54 23.4946361  23 53 55.8041416
11:06:10   42 54 23.9145395  23 53 55.7917820
11:06:15   42 54 24.3393326  23 53 55.7580505
11:06:20   42 54 24.7652151  23 53 55.7251889
11:06:25   42 54 25.1858684  23 53 55.6841310
11:06:30   42 54 25.6118044  23 53 55.6495368
11:06:35   42 54 26.0301351  23 53 55.5950475
11:06:40   42 54 26.4480516  23 53 55.5682021
11:06:45   42 54 26.8657358  23 53 55.5440820
11:06:50   42 54 27.2794608  23 53 55.5301136
11:06:55   42 54 27.6976789  23 53 55.4798492
11:07:00   42 54 28.1197237  23 53 55.4014822
11:07:05   42 54 28.5452850  23 53 55.3283255
11:07:10   42 54 28.9728697  23 53 55.2639497
11:07:15   42 54 29.3857341  23 53 55.2086668
11:07:20   42 54 29.6581281  23 53 55.4909031
11:07:25   42 54 29.5885110  23 53 55.9312975
11:07:30   42 54 29.2483139  23 53 56.1124672
11:07:35   42 54 28.8363147  23 53 56.1993227
11:07:40   42 54 28.4203551  23 53 56.2944120
11:07:45   42 54 28.0622113  23 53 56.3874009
11:07:50   42 54 27.8126111  23 53 56.4257919
11:07:55   42 54 27.6223229  23 53 56.4638832
11:08:00   42 54 27.4485556  23 53 56.4974728
11:08:05   42 54 27.2952660  23 53 56.5620563
11:08:10   42 54 27.1442326  23 53 56.6206483
11:08:15   42 54 26.9550847  23 53 56.6838030
11:08:20   42 54 26.6547342  23 53 56.7358188
11:08:25   42 54 26.2971588  23 53 56.8002635
11:08:30   42 54 25.9321035  23 53 56.8685819
11:08:35   42 54 25.5645066  23 53 56.9339212
11:08:40   42 54 25.1963032  23 53 56.9939785
11:08:45   42 54 24.8306190  23 53 57.0101986
11:08:50   42 54 24.4418063  23 53 57.0399685
11:08:55   42 54 24.0523869  23 53 57.0822689
11:09:00   42 54 23.6625554  23 53 57.1356586
11:09:05   42 54 23.2719586  23 53 57.1967386
11:09:10   42 54 22.8834824  23 53 57.2265409
11:09:15   42 54 22.5007335  23 53 57.2582208
11:09:20   42 54 22.1117204  23 53 57.2751002
11:09:25   42 54 21.7233313  23 53 57.2577195
11:09:30   42 54 21.3320536  23 53 57.2216719
11:09:35   42 54 20.9396925  23 53 57.2074391
11:09:40   42 54 20.5512468  23 53 57.1917126
11:09:45   42 54 20.1625936  23 53 57.1883428
11:09:50   42 54 19.7720771  23 53 57.1921378
11:09:55   42 54 19.3792368  23 53 57.2012308
11:10:00   42 54 18.9878870  23 53 57.2034682
11:10:05   42 54 18.6020443  23 53 57.2037322
11:10:10   42 54 18.2115137  23 53 57.1731623
11:10:15   42 54 17.8129220  23 53 57.1486469
11:10:20   42 54 17.4162956  23 53 57.1115320
11:10:25   42 54 17.0234445  23 53 57.1662927
11:10:30   42 54 16.7487662  23 53 57.4891103
11:10:35   42 54 16.5697871  23 53 57.9517341
11:10:40   42 54 16.5341638  23 53 58.4705029
11:10:45   42 54 16.8080044  23 53 58.7021741
11:10:50   42 54 17.1791859  23 53 58.6925498
11:10:55   42 54 17.5733599  23 53 58.6403096
11:11:00   42 54 17.9723335  23 53 58.5824972
11:11:05   42 54 18.3701400  23 53 58.5420398
11:11:10   42 54 18.7665510  23 53 58.5143716
11:11:15   42 54 19.1663820  23 53 58.5046025
11:11:20   42 54 19.5626741  23 53 58.4783871
11:11:25   42 54 19.9527047  23 53 58.4595582
11:11:30   42 54 20.3477567  23 53 58.4362607
11:11:35   42 54 20.7464747  23 53 58.4122922
11:11:40   42 54 21.1414632  23 53 58.3749140
11:11:45   42 54 21.5353396  23 53 58.3331869
11:11:50   42 54 21.9333598  23 53 58.2961144
11:11:55   42 54 22.3344208  23 53 58.2549234
11:12:00   42 54 22.7340928  23 53 58.2014846
11:12:05   42 54 23.1305121  23 53 58.1367744
11:12:10   42 54 23.5307706  23 53 58.0677960
11:12:15   42 54 23.9276663  23 53 58.0201508
11:12:20   42 54 24.3191869  23 53 57.9629249
11:12:25   42 54 24.7203636  23 53 57.9240708
11:12:30   42 54 25.0737372  23 53 57.8747216
11:12:35   42 54 25.3462715  23 53 57.8593995
11:12:40   42 54 25.5375022  23 53 57.8132853
11:12:45   42 54 25.6834754  23 53 57.7884966
