"X", "Y", "H"
 8602090.183		 4732683.043 	 411.279
8602088.154		 4732669.183 	 411.339
8602086.124		 4732655.324 	 411.259
8602083.556		 4732641.456 	 411.309
8602080.449		 4732627.579 	 411.309
8602077.342		 4732613.703 	 411.279
8602073.243		 4732600.058 	 411.279
8602069.144		 4732586.413 	 411.279
8602065.223		 4732572.895 	 411.309
8602061.479		 4732559.502 	 411.369
8602057.736		 4732546.109 	 411.519
8602053.633		 4732532.711 	 411.259
8602049.530		 4732519.313 	 411.109
8602045.295		 4732505.789 	 411.079
8602040.926		 4732492.140 	 411.199
8602036.558		 4732478.491 	 411.199
8602032.999		 4732464.731 	 411.169
8602029.441		 4732450.971 	 411.079
8602026.107		 4732437.215 	 410.989
8602022.998		 4732423.462 	 410.989
8602019.889		 4732409.709 	 410.929
8602016.239		 4732396.071 	 410.869
8602012.589		 4732382.433 	 410.669
8602008.489		 4732368.850 	 410.579
8602003.938		 4732355.321 	 410.669
8601999.388		 4732341.793 	 410.399
8601996.105		 4732327.667 	 410.429
8601992.821		 4732313.541 	 410.639
8601989.218		 4732299.780 	 410.549
8601985.295		 4732286.385 	 410.579
8601981.372		 4732272.990 	 410.579
8601977.540		 4732259.473 	 410.609
8601973.708		 4732245.956 	 410.669
8601970.283		 4732232.259 	 410.729
8601967.265		 4732218.384 	 410.759
8601964.248		 4732204.509 	 410.809
8601961.318		 4732190.759 	 410.869
8601958.389		 4732177.009 	 410.959
8601955.008		 4732163.375 	 411.049
8601951.176		 4732149.858 	 411.109
8601947.344		 4732136.341 	 411.109
8601943.067		 4732122.570 	 411.079
8601938.789		 4732108.799 	 411.049
8601934.462		 4732095.335 	 410.899
8601930.086		 4732082.180 	 410.989
8601925.709		 4732069.025 	 410.989
8601920.522		 4732055.980 	 411.019
8601915.334		 4732042.935 	 411.079
8601910.329		 4732029.770 	 411.139
8601905.505		 4732016.485 	 411.579
8601900.681		 4732003.199 	 411.519
8601895.859		 4731989.790 	 411.549
8601891.037		 4731976.381 	 411.519
8601885.899		 4731963.028 	 411.229
8601880.446		 4731949.733 	 411.319
8601874.993		 4731936.437 	 411.409
8601869.810		 4731923.146 	 411.489
8601864.626		 4731909.855 	 411.549
8601859.352		 4731896.624 	 411.619
8601853.987		 4731883.453 	 411.649
8601848.622		 4731870.282 	 411.639
8601842.802		 4731857.474 	 411.659
8601836.982		 4731844.667 	 411.629
8601831.250		 4731831.984 	 411.669
8601825.605		 4731819.427 	 411.689
8601819.961		 4731806.869 	 411.699
8601814.674		 4731794.440 	 411.729
8601809.386		 4731782.011 	 411.749
8601803.831		 4731769.517 	 411.779
8601798.007		 4731756.956 	 411.759
8601792.183		 4731744.396 	 411.789
8601785.827		 4731731.333 	 411.889
8601779.472		 4731718.270 	 411.929
8601777.072		 4731705.084 	 412.049
8601778.627		 4731691.774 	 412.019
8601780.183		 4731678.465 	 412.109
8601791.353		 4731670.861 	 412.019
8601802.524		 4731663.257 	 411.929
8601814.429		 4731660.418 	 411.899
8601859.320		 4731700.071 	 411.809
8601863.959		 4731713.724 	 411.759
8601868.598		 4731727.378 	 411.699
8601872.698		 4731741.023 	 411.729
8601876.797		 4731754.668 	 411.699
8601881.035		 4731768.129 	 411.839
8601885.410		 4731781.408 	 411.789
8601889.785		 4731794.687 	 411.789
8601894.610		 4731807.973 	 411.809
8601899.434		 4731821.258 	 411.809
8601904.121		 4731834.727 	 411.959
8601908.669		 4731848.379 	 412.019
8601913.218		 4731862.031 	 411.869
8601917.140		 4731875.549 	 411.639
8601921.062		 4731889.068 	 411.279
8601925.344		 4731902.530 	 411.309
8601929.987		 4731915.937 	 411.279
8601934.629		 4731929.343 	 411.259
8601939.904		 4731942.513 	 411.199
8601945.180		 4731955.682 	 411.259
8601950.816		 4731968.734 	 411.369
8601956.814		 4731981.667 	 411.199
8601962.811		 4731994.601 	 411.169
8601968.356		 4732007.775 	 411.109
8601973.900		 4732020.948 	 411.079
8601978.993		 4732034.238 	 411.109
8601983.635		 4732047.645 	 411.139
8601988.277		 4732061.051 	 411.109
8601993.094		 4732074.831 	 411.109
8601997.910		 4732088.610 	 411.109
8602002.726		 4732102.390 	 411.079
8602007.542		 4732116.169 	 410.989
8602012.358		 4732129.949 	 411.049
8602016.815		 4732143.723 	 410.959
8602021.271		 4732157.497 	 410.899
8602025.637		 4732171.331 	 410.839
8602029.912		 4732185.226 	 410.779
8602034.187		 4732199.121 	 410.699
8602038.281		 4732213.136 	 410.669
8602042.374		 4732227.151 	 410.579
8602046.559		 4732241.106 	 410.519
8602050.833		 4732255.001 	 410.489
8602055.108		 4732268.895 	 410.429
8602059.291		 4732282.912 	 410.399
8602063.475		 4732296.929 	 410.369
8602067.390		 4732310.818 	 410.309
8602071.038		 4732324.579 	 410.169
8602074.686		 4732338.340 	 410.199
8602078.781		 4732352.232 	 410.279
8602082.877		 4732366.124 	 410.399
8602086.927		 4732380.015 	 410.519
8602090.933		 4732393.906 	 410.579
8602094.938		 4732407.796 	 410.639
8602098.041		 4732421.919 	 410.699
8602101.145		 4732436.042 	 410.839
8602104.473		 4732450.107 	 411.109
8602108.027		 4732464.114 	 411.139
8602111.581		 4732478.121 	 411.169
8602115.495		 4732492.134 	 411.259
8602119.408		 4732506.147 	 411.279
8602123.367		 4732520.160 	 411.339
8602127.370		 4732534.173 	 411.309
8602131.373		 4732548.187 	 411.309
8602135.286		 4732562.200 	 411.309
8602139.200		 4732576.213 	 411.279
8602142.932		 4732590.284 	 411.259
8602146.485		 4732604.414 	 411.259
8602150.037		 4732618.544 	 411.229
8602153.228		 4732632.792 	 411.139
8602156.419		 4732647.041 	 411.139
8602159.520		 4732661.288 	 411.229
8602162.531		 4732675.533 	 411.399
8602165.542		 4732689.778 	 411.519
8602167.671		 4732703.022 	 411.639
8602169.799		 4732716.265 	 411.639
8602176.352		 4732725.195 	 411.729
8602187.330		 4732729.812 	 411.809
8602198.308		 4732734.429 	 411.929
8602211.660		 4732736.613 	 412.229
8602225.011		 4732738.798 	 412.309
8602235.914		 4732736.746 	 412.309
8602244.367		 4732730.458 	 412.139
8602252.821		 4732724.171 	 411.929
8602252.118		 4732711.690 	 411.899
8602251.415		 4732699.209 	 411.839
8602249.235		 4732686.397 	 411.809
8602245.578		 4732673.253 	 411.729
8602241.921		 4732660.109 	 411.759
8602237.549		 4732646.706 	 411.639
8602233.177		 4732633.303 	 411.579
8602230.017		 4732619.920 	 411.549
8602228.071		 4732606.555 	 411.459
8602226.124		 4732593.191 	 411.429
8602222.285		 4732580.167 	 411.459
8602218.446		 4732567.144 	 411.429
8602213.796		 4732554.293 	 411.459
8602208.334		 4732541.614 	 411.399
8602202.873		 4732528.935 	 411.369
8602198.850		 4732516.155 	 411.309
8602194.828		 4732503.376 	 411.309
8602190.626		 4732490.593 	 411.229
8602186.244		 4732477.808 	 411.169
8602181.863		 4732465.023 	 411.109
8602178.848		 4732451.025 	 411.019
8602175.832		 4732437.026 	 410.929
8602171.870		 4732423.260 	 410.669
8602166.961		 4732409.726 	 410.549
8602162.052		 4732396.192 	 410.399
8602156.783		 4732382.652 	 410.279
8602151.515		 4732369.112 	 410.139
8602146.920		 4732355.583 	 410.079
8602142.999		 4732342.064 	 409.989
8602139.078		 4732328.545 	 410.079
8602134.426		 4732315.755 	 410.259
8602129.775		 4732302.966 	 410.259
8602124.943		 4732290.174 	 410.309
8602119.933		 4732277.379 	 410.259
8602114.922		 4732264.584 	 410.369
8602109.735		 4732251.539 	 410.429
8602104.549		 4732238.494 	 410.429
8602099.722		 4732225.455 	 410.549
8602095.254		 4732212.422 	 410.609
8602090.786		 4732199.389 	 410.729
8602086.138		 4732186.353 	 410.779
8602081.490		 4732173.316 	 410.809
8602076.887		 4732160.281 	 410.899
8602072.329		 4732147.246 	 410.989
8602067.771		 4732134.211 	 411.079
8602063.396		 4732120.932 	 411.109
8602059.022		 4732107.653 	 411.109
8602054.650		 4732094.189 	 411.169
8602050.282		 4732080.540 	 411.229
8602045.913		 4732066.891 	 411.259
8602041.366		 4732053.115 	 411.279
8602036.820		 4732039.340 	 411.369
8602032.317		 4732025.627 	 411.429
8602027.859		 4732011.976 	 411.369
8602023.400		 4731998.326 	 411.279
8602018.851		 4731984.674 	 411.259
8602014.302		 4731971.022 	 411.579
8602009.887		 4731957.434 	 411.989
8602005.607		 4731943.909 	 411.489
8602001.326		 4731930.385 	 411.259
8601996.502		 4731917.099 	 411.309
8601991.678		 4731903.814 	 411.369
8601986.944		 4731890.529 	 411.699
8601982.299		 4731877.246 	 411.789
8601977.655		 4731863.963 	 411.809
8601972.919		 4731850.802 	 411.839
8601968.183		 4731837.641 	 411.809
8601963.310		 4731824.602 	 411.839
8601958.300		 4731811.683 	 411.789
8601953.291		 4731798.765 	 411.809
8601947.383		 4731785.833 	 411.789
8601941.475		 4731772.900 	 411.729
8601936.473		 4731759.488 	 411.759
8601932.377		 4731745.596 	 411.789
8601928.281		 4731731.705 	 411.959
8601934.387		 4731720.442 	 411.929
8601940.494		 4731709.178 	 412.049
8601949.669		 4731702.778 	 412.139
8601961.913		 4731701.241 	 412.079
8601988.088		 4731713.811 	 411.959
8601997.375		 4731723.216 	 411.839
8601999.860		 4731736.712 	 411.789
8602002.345		 4731750.208 	 411.759
8602005.276		 4731763.896 	 411.729
8602008.653		 4731777.777 	 411.699
8602012.030		 4731791.658 	 411.809
8602016.042		 4731805.178 	 411.869
8602020.053		 4731818.698 	 411.869
8602023.929		 4731832.278 	 411.809
8602027.669		 4731845.917 	 411.759
8602031.409		 4731859.556 	 411.759
8602035.872		 4731872.960 	 411.639
8602040.335		 4731886.363 	 411.579
8602044.890		 4731899.583 	 411.789
8602049.538		 4731912.620 	 411.399
8602054.186		 4731925.656 	 411.429
8602059.645		 4731938.581 	 411.639
8602065.103		 4731951.506 	 411.609
8602070.379		 4731964.614 	 411.459
8602075.472		 4731977.905 	 411.259
8602080.565		 4731991.195 	 411.199
8602085.028		 4732004.599 	 411.229
8602089.490		 4732018.002 	 411.229
8602094.085		 4732031.531 	 411.199
8602098.813		 4732045.186 	 411.109
8602103.541		 4732058.841 	 410.959
8602108.363		 4732072.250 	 410.929
8602113.184		 4732085.659 	 410.959
8602118.004		 4732099.192 	 410.809
8602122.822		 4732112.849 	 410.809
8602127.640		 4732126.505 	 410.839
8602131.921		 4732140.029 	 410.729
8602136.201		 4732153.554 	 410.639
8602140.483		 4732167.016 	 410.549
8602144.765		 4732180.417 	 410.459
8602149.048		 4732193.818 	 410.399
8602153.782		 4732207.103 	 410.339
8602158.515		 4732220.388 	 410.229
8602163.111		 4732233.855 	 410.229
8602167.569		 4732247.506 	 410.169
8602172.027		 4732261.156 	 410.139
8602176.665		 4732274.810 	 410.109
8602181.303		 4732288.463 	 410.549
8602185.985		 4732302.179 	 409.839
8602190.711		 4732315.958 	 409.959
8602195.436		 4732329.736 	 410.079
8602200.521		 4732343.520 	 410.199
8602205.606		 4732357.304 	 410.279
8602210.016		 4732371.139 	 410.369
8602213.752		 4732385.025 	 410.489
8602217.487		 4732398.911 	 410.579
8602221.947		 4732412.439 	 410.699
8602226.407		 4732425.966 	 410.839
8602231.498		 4732439.380 	 410.899
8602237.219		 4732452.680 	 410.869
8602242.940		 4732465.980 	 410.959
8602248.123		 4732479.272 	 411.109
8602253.305		 4732492.563 	 411.019
8602258.576		 4732505.918 	 411.049
8602263.936		 4732519.336 	 411.199
8602269.296		 4732532.754 	 411.109
8602274.389		 4732546.044 	 411.259
8602279.481		 4732559.335 	 411.199
8602284.483		 4732572.685 	 411.199
8602289.393		 4732586.096 	 411.339
8602294.304		 4732599.507 	 411.399
8602299.402		 4732612.427 	 411.519
8602304.500		 4732625.347 	 411.609
8602310.831		 4732636.990 	 411.729
8602318.395		 4732647.356 	 411.759
8602325.958		 4732657.722 	 411.699
8602337.173		 4732664.441 	 411.729
8602348.387		 4732671.160 	 411.729
8602359.836		 4732674.365 	 411.789
8602371.520		 4732674.054 	 411.869
8602383.204		 4732673.744 	 411.869
8602393.280		 4732647.049 	 411.699
8602391.876		 4732633.446 	 411.669
8602390.473		 4732619.843 	 411.399
8602388.306		 4732606.166 	 411.079
8602385.378		 4732592.416 	 411.049
8602382.449		 4732578.666 	 411.049
8602379.249		 4732565.035 	 411.049
8602376.049		 4732551.404 	 410.759
8602372.624		 4732537.769 	 410.399
8602368.975		 4732524.131 	 410.339
8602365.326		 4732510.493 	 410.169
8602361.137		 4732496.846 	 410.049
8602356.949		 4732483.199 	 409.959
8602352.760		 4732469.615 	 410.019
8602348.570		 4732456.092 	 409.989
8602344.380		 4732442.569 	 409.869
8602340.820		 4732428.932 	 409.779
8602337.261		 4732415.295 	 409.699
8602333.928		 4732401.477 	 409.669
8602330.824		 4732387.477 	 409.549
8602327.719		 4732373.477 	 409.609
8602325.782		 4732359.495 	 409.549
8602323.845		 4732345.514 	 409.489
8602321.323		 4732331.585 	 409.459
8602318.217		 4732317.708 	 409.459
8602315.110		 4732303.832 	 409.489
8602311.731		 4732290.075 	 409.489
8602308.353		 4732276.318 	 409.279
8602304.436		 4732262.552 	 409.369
8602299.980		 4732248.777 	 409.519
8602295.524		 4732235.003 	 409.609
8602290.886		 4732221.349 	 409.699
8602286.249		 4732207.696 	 409.699
8602281.657		 4732193.981 	 409.809
8602277.111		 4732180.206 	 409.869
8602272.565		 4732166.430 	 409.929
8602268.195		 4732152.904 	 409.989
8602263.825		 4732139.379 	 410.019
8602259.273		 4732125.974 	 410.109
8602254.539		 4732112.689 	 410.199
8602249.806		 4732099.404 	 410.259
8602244.983		 4732086.118 	 410.309
8602240.159		 4732072.832 	 410.399
8602235.021		 4732059.603 	 410.459
8602229.567		 4732046.430 	 410.519
8602224.113		 4732033.258 	 410.549
8602218.656		 4732020.209 	 410.639
8602213.200		 4732007.160 	 410.699
8602207.836		 4731993.989 	 410.809
8602202.563		 4731980.696 	 410.869
8602197.291		 4731967.403 	 410.989
8602191.567		 4731954.226 	 411.049
8602185.844		 4731941.049 	 411.169
8602179.938		 4731927.993 	 411.309
8602173.851		 4731915.058 	 411.399
8602167.764		 4731902.123 	 411.459
8602161.040		 4731889.671 	 411.579
8602154.317		 4731877.220 	 411.639
8602147.592		 4731864.830 	 411.789
8602140.867		 4731852.502 	 411.869
8602134.142		 4731840.174 	 412.049
8602128.055		 4731827.239 	 412.139
8602121.967		 4731814.304 	 412.169
8602116.196		 4731801.250 	 411.929
8602110.742		 4731788.077 	 411.839
8602105.287		 4731774.905 	 411.759
8602102.176		 4731761.275 	 411.819
8602099.065		 4731747.646 	 411.769
8602100.921		 4731735.267 	 411.799
8602107.744		 4731724.139 	 411.749
8602114.567		 4731713.011 	 411.729
8602125.577		 4731704.170 	 411.759
8602136.588		 4731695.330 	 411.729
8602148.801		 4731690.027 	 411.809
8602162.217		 4731688.262 	 411.899
8602175.632		 4731686.496 	 411.839
8602184.742		 4731695.775 	 411.899
8602193.851		 4731705.054 	 411.759
8602200.504		 4731716.331 	 411.579
8602204.698		 4731729.607 	 411.669
8602208.893		 4731742.883 	 411.839
8602211.993		 4731757.253 	 411.899
8602215.092		 4731771.624 	 411.789
8602222.493		 4731806.803 	 412.549
8602225.600		 4731820.679 	 411.429
8602228.889		 4731834.435 	 411.369
8602232.177		 4731848.191 	 411.339
8602236.280		 4731861.589 	 411.279
8602240.384		 4731874.987 	 411.139
8602244.575		 4731888.448 	 411.229
8602248.856		 4731901.973 	 411.169
8602253.136		 4731915.498 	 410.989
8602257.958		 4731928.907 	 410.899
8602262.779		 4731942.316 	 410.779
8602267.648		 4731955.603 	 410.729
8602272.563		 4731968.767 	 410.639
8602277.478		 4731981.931 	 410.579
8602282.393		 4731995.095 	 410.459
8602287.309		 4732008.259 	 410.339
8602292.086		 4732021.606 	 410.199
8602296.726		 4732035.137 	 410.109
8602301.365		 4732048.667 	 410.049
8602305.732		 4732062.440 	 409.989
8602310.098		 4732076.213 	 409.929
8602314.418		 4732090.046 	 409.809
8602318.693		 4732103.941 	 409.759
8602322.967		 4732117.836 	 409.699
8602327.152		 4732131.729 	 409.669
8602331.337		 4732145.622 	 409.609
8602335.435		 4732159.329 	 409.549
8602339.445		 4732172.850 	 409.489
8602343.456		 4732186.370 	 409.429
8602347.555		 4732200.015 	 409.369
8602351.653		 4732213.660 	 409.309
8602355.481		 4732227.363 	 409.109
8602359.039		 4732241.123 	 409.079
8602362.596		 4732254.883 	 409.139
8602366.420		 4732268.894 	 409.259
8602370.243		 4732282.905 	 409.259
8602373.796		 4732296.974 	 409.229
8602377.078		 4732311.100 	 409.169
8602380.360		 4732325.226 	 409.229
8602383.199		 4732338.975 	 409.229
8602386.039		 4732352.724 	 409.309
8602388.965		 4732366.660 	 409.429
8602391.977		 4732380.781 	 409.579
8602394.990		 4732394.903 	 409.759
8602397.823		 4732409.022 	 410.229
8602400.657		 4732423.141 	 410.489
8602403.579		 4732437.324 	 410.399
8602406.589		 4732451.569 	 410.139
8602409.600		 4732465.815 	 409.899
8602412.343		 4732479.933 	 409.729
8602415.087		 4732494.050 	 409.699
8602417.558		 4732508.287 	 409.779
8602419.759		 4732522.644 	 410.199
8602421.959		 4732537.000 	 410.489
8602423.890		 4732551.352 	 410.519
8602425.822		 4732565.704 	 410.489
8602427.888		 4732579.996 	 410.549
8602430.090		 4732594.229 	 410.729
8602432.292		 4732608.462 	 410.959
8602433.956		 4732622.686 	 411.199
8602435.619		 4732636.910 	 411.489
8602438.785		 4732649.861 	 411.669
8602443.453		 4732661.540 	 411.929
8602448.121		 4732673.219 	 411.929
8602459.361		 4732678.334 	 411.899
8602470.600		 4732683.448 	 411.869
8602482.121		 4732684.926 	 411.869
8602493.924		 4732682.765 	 411.869
8602505.727		 4732680.605 	 411.729
8602510.935		 4732669.328 	 411.679
8602516.143		 4732658.052 	 411.519
8602518.809		 4732645.624 	 411.079
8602518.932		 4732632.045 	 410.929
8602519.056		 4732618.466 	 410.459
8602514.105		 4732590.486 	 410.339
8602511.448		 4732576.555 	 410.229
8602508.612		 4732562.682 	 409.989
8602505.775		 4732548.810 	 409.779
8602502.491		 4732534.807 	 409.549
8602499.207		 4732520.804 	 409.399
8602495.516		 4732506.980 	 409.369
8602491.418		 4732493.335 	 409.519
8602487.320		 4732479.690 	 409.549
8602482.589		 4732466.282 	 409.579
8602477.858		 4732452.873 	 409.669
8602472.720		 4732439.644 	 409.989
8602467.176		 4732426.593 	 410.309
8602461.631		 4732413.543 	 410.259
8602456.269		 4732400.248 	 409.699
8602450.908		 4732386.953 	 409.339
8602446.313		 4732373.424 	 409.259
8602442.486		 4732359.659 	 409.109
8602438.659		 4732345.895 	 409.019
8602435.377		 4732331.769 	 409.079
8602432.095		 4732317.643 	 409.049
8602428.409		 4732303.449 	 409.079
8602424.321		 4732289.186 	 409.109
8602420.232		 4732274.924 	 409.109
8602416.772		 4732260.671 	 409.019
8602413.312		 4732246.418 	 408.899
8602409.986		 4732232.230 	 409.139
8602406.793		 4732218.105 	 409.279
8602403.601		 4732203.980 	 409.339
8602400.414		 4732189.485 	 409.399
8602397.227		 4732174.990 	 409.459
8602393.679		 4732160.613 	 409.549
8602389.770		 4732146.354 	 409.639
8602385.861		 4732132.094 	 409.669
8602383.467		 4732118.599 	 409.699
8602381.073		 4732105.104 	 409.809
8602377.735		 4732091.656 	 409.839
8602373.453		 4732078.255 	 409.899
8602369.171		 4732064.854 	 409.929
8602363.816		 4732051.066 	 409.959
8602358.462		 4732037.277 	 410.019
8602353.376		 4732023.555 	 410.109
8602348.558		 4732009.898 	 410.169
8602343.741		 4731996.242 	 410.279
8602338.924		 4731982.586 	 410.459
8602334.106		 4731968.929 	 410.639
8602328.337		 4731955.814 	 410.869
8602321.616		 4731943.239 	 410.929
8602314.895		 4731930.664 	 410.549
8602308.902		 4731917.483 	 410.639
8602302.908		 4731904.302 	 410.929
8602297.592		 4731890.946 	 411.019
8602292.952		 4731877.416 	 411.049
8602288.313		 4731863.886 	 411.169
8602283.222		 4731850.472 	 411.279
8602278.130		 4731837.059 	 411.429
8602272.634		 4731823.700 	 411.519
8602266.733		 4731810.397 	 411.609
8602260.832		 4731797.094 	 411.729
8602255.022		 4731783.669 	 411.809
8602249.212		 4731770.244 	 411.839
8602243.628		 4731756.700 	 411.669
8602238.272		 4731743.035 	 411.519
8602232.915		 4731729.370 	 411.519
8602228.189		 4731715.592 	 411.579
8602223.463		 4731701.813 	 411.809
8602217.968		 4731688.332 	 411.759
8602211.706		 4731675.147 	 411.839
8602209.052		 4731649.549 	 411.959
8602212.661		 4731637.135 	 412.109
8602220.688		 4731629.421 	 412.109
8602233.135		 4731626.406 	 412.109
8602245.582		 4731623.391 	 412.139
8602256.183		 4731629.236 	 411.959
8602266.785		 4731635.081 	 411.869
8602275.809		 4731644.050 	 411.809
8602283.257		 4731656.143 	 411.699
8602290.705		 4731668.236 	 411.579
8602296.150		 4731682.026 	 411.429
8602301.594		 4731695.815 	 411.339
8602306.184		 4731709.653 	 411.279
8602309.920		 4731723.540 	 411.279
8602313.656		 4731737.426 	 411.259
8602318.208		 4731750.831 	 411.199
8602322.760		 4731764.236 	 411.169
8602327.267		 4731777.641 	 411.259
8602331.729		 4731791.045 	 411.489
8602336.191		 4731804.449 	 411.429
8602340.382		 4731817.972 	 411.309
8602344.573		 4731831.495 	 411.169
8602348.851		 4731845.142 	 411.019
8602353.218		 4731858.915 	 410.869
8602357.584		 4731872.688 	 410.759
8602361.952		 4731886.338 	 410.669
8602366.320		 4731899.987 	 410.609
8602370.777		 4731913.700 	 410.549
8602375.323		 4731927.475 	 410.429
8602379.869		 4731941.251 	 410.229
8602384.773		 4731955.155 	 410.229
8602389.676		 4731969.060 	 410.459
8602394.266		 4731982.898 	 410.459
8602398.542		 4731996.669 	 410.079
8602402.818		 4732010.441 	 409.989
8602406.644		 4732024.329 	 409.929
8602410.469		 4732038.216 	 409.899
8602414.384		 4732052.167 	 409.809
8602418.386		 4732066.182 	 409.729
8602422.389		 4732080.196 	 409.729
8602426.480		 4732094.335 	 409.669
8602430.571		 4732108.474 	 409.489
8602434.663		 4732122.551 	 409.399
8602438.755		 4732136.566 	 409.339
8602442.848		 4732150.582 	 409.259
8602446.941		 4732164.597 	 409.139
8602451.033		 4732178.612 	 409.049
8602454.989		 4732192.749 	 408.869
8602458.808		 4732207.008 	 408.809
8602462.627		 4732221.266 	 408.989
8602466.718		 4732235.405 	 409.019
8602470.809		 4732249.544 	 409.019
8602474.224		 4732263.795 	 409.019
8602476.963		 4732278.160 	 408.959
8602479.702		 4732292.525 	 408.929
8602482.715		 4732306.647 	 408.929
8602485.728		 4732320.769 	 408.929
8602488.918		 4732335.017 	 408.929
8602492.286		 4732349.392 	 408.959
8602495.654		 4732363.766 	 409.199
8602498.665		 4732378.012 	 409.399
8602501.676		 4732392.257 	 410.139
8602504.552		 4732406.501 	 409.959
8602507.293		 4732420.742 	 409.489
8602510.034		 4732434.983 	 409.489
8602512.145		 4732449.338 	 409.519
8602514.255		 4732463.693 	 409.459
8602516.591		 4732477.989 	 409.399
8602519.152		 4732492.228 	 409.459
8602521.713		 4732506.466 	 409.669
8602524.183		 4732520.826 	 409.869
8602526.653		 4732535.187 	 410.079
8602528.762		 4732549.665 	 410.459
8602530.509		 4732564.261 	 410.339
8602532.256		 4732578.857 	 410.399
8602532.744		 4732593.557 	 410.549
8602533.231		 4732608.256 	 410.869
8602533.498		 4732622.705 	 411.199
8602533.545		 4732636.904 	 411.549
8602533.591		 4732651.103 	 411.699
8602538.437		 4732662.908 	 411.789
8602543.282		 4732674.713 	 411.729
8602551.384		 4732682.249 	 411.609
8602562.743		 4732685.514 	 411.429
8602574.101		 4732688.779 	 411.369
8602582.399		 4732681.008 	 411.309
8602590.696		 4732673.236 	 411.169
8602595.442		 4732662.817 	 411.339
8602596.635		 4732649.748 	 411.369
8602597.829		 4732636.680 	 411.369
8602595.984		 4732622.576 	 411.369
8602594.139		 4732608.473 	 410.809
8602579.629		 4732537.069 	 410.209
8602563.214		 4732466.869 	 410.109
8602544.718		 4732397.439 	 409.809
8602541.304		 4732383.187 	 409.149
8602530.134		 4732310.725 	 409.049
8602521.645		 4732239.106 	 408.849
8602518.726		 4732224.739 	 408.759
8602515.807		 4732210.372 	 409.049
8602514.149		 4732195.777 	 409.079
8602512.492		 4732181.182 	 409.199
8602510.652		 4732166.770 	 409.229
8602506.607		 4732138.310 	 409.399
8602503.504		 4732124.187 	 409.399
8602500.401		 4732110.064 	 409.519
8602496.892		 4732096.057 	 409.609
8602492.978		 4732082.168 	 409.699
8602489.063		 4732068.279 	 409.779
8602484.062		 4732054.866 	 410.049
8602479.062		 4732041.453 	 410.199
8602473.973		 4732027.978 	 409.699
8602468.794		 4732014.439 	 409.959
8602463.616		 4732000.901 	 410.429
8602458.347		 4731987.361 	 410.729
8602453.079		 4731973.821 	 410.579
8602447.404		 4731960.460 	 410.339
8602441.321		 4731947.277 	 410.339
8602435.239		 4731934.094 	 410.429
8602428.885		 4731921.031 	 410.519
8602422.531		 4731907.968 	 410.519
8602416.088		 4731894.841 	 410.729
8602409.556		 4731881.652 	 410.929
8602403.024		 4731868.463 	 411.019
8602397.035		 4731855.035 	 411.229
8602391.046		 4731841.607 	 411.309
8602384.877		 4731828.238 	 411.429
8602378.526		 4731814.928 	 411.549
8602372.176		 4731801.618 	 411.489
8602365.913		 4731788.433 	 411.309
8602359.651		 4731775.248 	 411.199
8602353.982		 4731761.454 	 411.259
8602348.907		 4731747.053 	 411.339
8602343.831		 4731732.652 	 411.339
8602349.073		 4731719.277 	 411.309
8602354.314		 4731705.901 	 411.309
8602363.453		 4731696.106 	 411.339
8602376.489		 4731689.891 	 411.519
8602389.525		 4731683.675 	 411.579
8602400.827		 4731690.643 	 411.489
8602412.129		 4731697.610 	 411.459
8602419.245		 4731707.969 	 411.499
8602433.689		 4731778.076 	 411.519
8602437.153		 4731792.081 	 411.369
8602440.617		 4731806.087 	 411.309
8602444.624		 4731819.854 	 411.229
8602448.631		 4731833.621 	 411.079
8602452.910		 4731847.208 	 410.899
8602457.462		 4731860.613 	 410.699
8602462.013		 4731874.018 	 410.479
8602466.649		 4731887.795 	 410.319
8602471.284		 4731901.572 	 410.339
8602475.782		 4731915.533 	 410.139
8602480.143		 4731929.676 	 410.119
8602484.503		 4731943.819 	 410.159
8602488.324		 4731957.953 	 410.149
8602492.146		 4731972.088 	 410.119
8602496.058		 4731986.162 	 410.079
8602504.063		 4732014.191 	 409.549
8602508.070		 4732027.958 	 409.519
8602512.077		 4732041.725 	 410.019
8602516.171		 4732055.617 	 409.729
8602520.354		 4732069.634 	 409.549
8602524.536		 4732083.651 	 409.349
8602577.505		 4732117.695 	 409.079
8602577.430		 4732116.767 	 409.019
8602577.353		 4732115.902 	 408.989
8602577.277		 4732115.037 	 409.079
8602577.381		 4732114.174 	 409.049
8602577.484		 4732113.311 	 409.079
8602577.633		 4732112.449 	 409.049
8602577.826		 4732111.588 	 409.049
8602578.019		 4732110.727 	 409.169
8602579.659		 4732109.271 	 409.169
8602581.299		 4732107.816 	 409.199
8602582.512		 4732104.934 	 409.279
8602583.298		 4732100.625 	 409.369
8602584.085		 4732096.316 	 409.339
8602579.554		 4732093.035 	 409.279
8602575.024		 4732089.754 	 409.259
8602570.282		 4732085.605 	 409.199
8602565.330		 4732080.588 	 409.169
8602560.377		 4732075.572 	 409.199
8602554.258		 4732070.414 	 409.259
8602548.140		 4732065.256 	 409.259
8602541.710		 4732059.908 	 409.279
8602534.969		 4732054.369 	 409.339
8602528.228		 4732048.831 	 409.369
8602521.496		 4732042.676 	 409.429
8602514.764		 4732036.521 	 409.549
8602508.243		 4732031.233 	 409.639
8602501.933		 4732026.812 	 409.549
8602495.624		 4732022.392 	 409.519
8602488.299		 4732019.684 	 409.579
8602480.973		 4732016.977 	 409.609
8602476.103		 4732012.456 	 409.729
8602473.686		 4732006.121 	 410.049
8602471.270		 4731999.786 	 410.399
8602474.240		 4731993.783 	 410.399
8602477.209		 4731987.780 	 410.049
8602481.811		 4731983.655 	 410.019
8602488.046		 4731981.407 	 409.959
8602494.281		 4731979.159 	 409.959
8602500.169		 4731981.844 	 409.869
8602506.057		 4731984.529 	 409.869
8602510.528		 4731988.797 	 409.839
8602513.580		 4731994.648 	 409.809
8602516.633		 4732000.499 	 409.779
8602518.669		 4732008.185 	 409.839
8602520.704		 4732015.872 	 409.779
8602522.371		 4732024.170 	 409.609
8602523.669		 4732033.079 	 409.399
8602524.966		 4732041.989 	 409.369
8602526.162		 4732051.638 	 409.869
8602527.358		 4732061.287 	 409.669
8602528.508		 4732070.997 	 409.459
8602529.613		 4732080.768 	 409.399
8602530.717		 4732090.539 	 409.339
8602532.360		 4732100.318 	 409.309
8602534.004		 4732110.097 	 409.259
8602536.230		 4732119.948 	 409.199
8602539.039		 4732129.869 	 409.139
8602541.848		 4732139.790 	 409.079
8602545.194		 4732149.843 	 409.049
8602548.540		 4732159.896 	 408.989
8602551.614		 4732170.130 	 408.959
8602554.416		 4732180.545 	 408.899
8602557.217		 4732190.960 	 408.899
8602560.018		 4732201.375 	 408.899
8602562.820		 4732211.790 	 408.429
8602565.529		 4732222.326 	 408.519
8602568.147		 4732232.985 	 408.579
8602570.764		 4732243.644 	 408.579
8602572.933		 4732254.296 	 408.609
8602575.101		 4732264.948 	 408.639
8602577.404		 4732275.602 	 408.639
8602579.843		 4732286.258 	 408.699
8602582.281		 4732296.914 	 408.639
8602585.258		 4732307.578 	 408.639
8602588.235		 4732318.243 	 408.639
8602590.717		 4732328.961 	 408.669
8602592.703		 4732339.734 	 408.699
8602594.690		 4732350.506 	 408.779
8602596.497		 4732361.276 	 408.929
8602598.305		 4732372.045 	 409.229
8602600.291		 4732382.879 	 409.489
8602602.455		 4732393.778 	 409.279
8602604.620		 4732404.677 	 409.279
8602606.427		 4732415.447 	 409.199
8602608.235		 4732426.216 	 409.259
8602610.175		 4732437.111 	 409.309
8602612.247		 4732448.132 	 409.309
8602614.320		 4732459.153 	 409.459
8602622.658		 4732514.534 	 410.169
8602623.923		 4732525.542 	 410.259
8602625.187		 4732536.550 	 410.369
8602626.858		 4732547.441 	 410.579
8602628.934		 4732558.215 	 410.729
8602631.011		 4732568.989 	 411.049
8602633.357		 4732579.767 	 411.019
8602635.703		 4732590.545 	 411.279
8602638.414		 4732600.958 	 411.259
8602641.491		 4732611.007 	 411.339
8602644.567		 4732621.056 	 411.309
8602651.097		 4732628.566 	 411.339
8602657.627		 4732636.077 	 411.429
8602664.996		 4732641.687 	 411.459
8602673.202		 4732645.396 	 411.489
8602702.714		 4732605.427 	 411.259
8602701.794		 4732595.412 	 411.229
8602700.348		 4732584.524 	 411.169
8602698.902		 4732573.637 	 411.139
8602697.323		 4732562.624 	 411.049
8602695.612		 4732551.485 	 411.019
8602693.901		 4732540.347 	 410.729
8602692.642		 4732528.969 	 410.609
8602691.384		 4732517.590 	 410.549
8602690.079		 4732506.335 	 410.079
8602688.726		 4732495.202 	 410.049
8602687.374		 4732484.069 	 409.869
8602686.649		 4732473.069 	 409.779
8602685.923		 4732462.070 	 409.579
8602685.198		 4732451.070 	 409.369
8602684.473		 4732440.070 	 409.169
8602683.747		 4732429.071 	 409.079
8602684.457		 4732418.217 	 408.989
8602685.167		 4732407.364 	 408.899
8602686.058		 4732396.389 	 408.809
8602687.131		 4732385.295 	 408.759
8602688.204		 4732374.200 	 408.759
8602689.363		 4732363.353 	 408.759
8602690.521		 4732352.507 	 408.839
8602690.690		 4732341.769 	 408.579
8602689.870		 4732331.138 	 408.459
8602689.049		 4732320.507 	 408.399
8602687.152		 4732309.736 	 408.429
8602685.254		 4732298.965 	 408.459
8602683.268		 4732288.193 	 408.429
8602681.191		 4732277.419 	 408.399
8602679.115		 4732266.645 	 408.429
8602677.758		 4732255.759 	 408.309
8602676.402		 4732244.873 	 408.339
8602674.865		 4732234.046 	 408.489
8602673.148		 4732223.277 	 408.459
8602671.431		 4732212.509 	 408.489
8602669.354		 4732201.735 	 408.519
8602667.277		 4732190.961 	 408.579
8602665.111		 4732180.186 	 408.609
8602662.854		 4732169.409 	 408.579
8602660.598		 4732158.633 	 408.609
8602657.711		 4732147.970 	 408.579
8602654.824		 4732137.307 	 408.639
8602651.938		 4732126.582 	 408.699
8602649.053		 4732115.795 	 408.989
8602646.168		 4732105.008 	 409.229
8602643.193		 4732094.220 	 409.399
8602640.217		 4732083.432 	 409.549
8602637.377		 4732072.646 	 409.259
8602634.671		 4732061.863 	 409.049
8602631.966		 4732051.079 	 409.049
8602629.618		 4732040.424 	 409.019
8602627.270		 4732029.769 	 408.989
8602624.696		 4732019.173 	 408.929
8602621.896		 4732008.634 	 408.899
8602619.097		 4731998.096 	 408.899
8602616.298		 4731987.558 	 408.929
8602613.498		 4731977.019 	 409.139
8602611.148		 4731966.488 	 409.309
8602609.247		 4731955.964 	 409.369
8602607.346		 4731945.440 	 409.459
8602604.369		 4731934.775 	 409.429
8602601.392		 4731924.110 	 409.549
8602598.332		 4731913.012 	 409.549
8602595.189		 4731901.481 	 409.609
8602592.046		 4731889.950 	 409.759
8602588.820		 4731877.924 	 410.049
8602585.595		 4731865.897 	 410.079
8602582.235		 4731853.807 	 410.109
8602578.743		 4731841.652 	 410.139
8602575.250		 4731829.498 	 410.259
8602572.390		 4731817.107 	 410.399
8602569.530		 4731804.716 	 410.699
8602566.622		 4731792.509 	 411.169
8602563.666		 4731780.486 	 411.229
8602560.710		 4731768.464 	 411.259
8602557.933		 4731756.445 	 411.549
8602555.157		 4731744.426 	 411.429
8602552.516		 4731732.347 	 411.459
8602550.012		 4731720.208 	 411.459
8602547.507		 4731708.069 	 411.459
8602544.559		 4731695.553 	 411.489
8602541.610		 4731683.037 	 411.489
8602542.853		 4731672.562 	 411.579
8602548.287		 4731664.128 	 411.579
8602553.721		 4731655.695 	 411.609
8602563.856		 4731651.162 	 411.609
8602573.991		 4731646.630 	 411.669
8602585.012		 4731642.852 	 411.789
8602596.920		 4731639.830 	 411.959
8602608.828		 4731636.807 	 411.989
8602621.219		 4731637.372 	 411.789
8602633.610		 4731637.937 	 411.579
8602643.696		 4731642.232 	 411.459
8602651.476		 4731650.256 	 411.429
8602659.257		 4731658.280 	 411.309
8602664.295		 4731669.348 	 411.229
8602669.332		 4731680.415 	 411.279
8602673.731		 4731692.090 	 411.309
8602677.492		 4731704.371 	 411.429
8602681.252		 4731716.653 	 411.199
8602683.921		 4731729.782 	 410.609
8602686.590		 4731742.911 	 410.169
8602688.536		 4731756.276 	 409.989
8602689.760		 4731769.876 	 409.989
8602690.983		 4731783.476 	 409.929
8602692.119		 4731796.951 	 409.869
8602693.254		 4731810.426 	 409.729
8602694.389		 4731823.963 	 409.609
8602695.523		 4731837.562 	 409.429
8602696.657		 4731851.161 	 409.229
8602698.062		 4731864.641 	 409.109
8602699.468		 4731878.120 	 408.839
8602700.828		 4731891.599 	 408.669
8602702.144		 4731905.077 	 408.609
8602703.459		 4731918.555 	 408.579
8602705.136		 4731931.915 	 408.609
8602706.812		 4731945.276 	 408.639
8602708.534		 4731958.575 	 408.699
8602710.303		 4731971.814 	 408.669
8602712.071		 4731985.052 	 408.579
8602714.289		 4731998.297 	 408.549
8602716.506		 4732011.542 	 408.489
8602718.724		 4732024.788 	 408.369
8602720.942		 4732038.033 	 408.339
8602723.159		 4732051.278 	 408.309
8602724.838		 4732064.515 	 408.279
8602726.516		 4732077.752 	 408.259
8602727.970		 4732090.986 	 408.309
8602729.199		 4732104.215 	 408.309
8602730.428		 4732117.445 	 408.339
8602731.745		 4732130.800 	 408.459
8602733.063		 4732144.155 	 408.369
8602734.648		 4732157.575 	 408.279
8602736.503		 4732171.062 	 408.399
8602738.357		 4732184.548 	 408.459
8602739.856		 4732197.782 	 408.459
8602741.355		 4732211.017 	 408.399
8602742.495		 4732224.184 	 408.399
8602743.277		 4732237.283 	 408.229
8602744.059		 4732250.382 	 408.259
8602744.750		 4732263.603 	 408.309
8602745.440		 4732276.824 	 408.339
8602746.084		 4732290.107 	 408.399
8602746.683		 4732303.450 	 408.429
8602747.281		 4732316.794 	 408.519
8602747.878		 4732330.261 	 408.549
8602748.475		 4732343.728 	 408.519
8602748.983		 4732357.131 	 408.639
8602749.401		 4732370.472 	 408.779
8602749.820		 4732383.812 	 408.869
8602749.878		 4732397.270 	 408.959
8602749.935		 4732410.729 	 409.109
8602750.173		 4732424.190 	 409.369
8602750.590		 4732437.654 	 409.579
8602751.007		 4732451.118 	 409.959
8602751.514		 4732464.583 	 410.339
8602752.021		 4732478.048 	 410.549
8602752.213		 4732491.509 	 410.699
8602752.091		 4732504.965 	 410.869
8602751.969		 4732518.420 	 411.109
8602751.755		 4732531.998 	 411.199
8602751.542		 4732545.575 	 411.229
8602751.149		 4732559.088 	 411.279
8602750.578		 4732572.537 	 411.339
8602750.007		 4732585.985 	 411.339
8602747.739		 4732598.789 	 411.399
8602745.471		 4732611.594 	 411.549
8602745.878		 4732622.835 	 411.609
8602764.065		 4732640.345 	 411.669
8602772.080		 4732639.113 	 411.669
8602776.992		 4732629.560 	 411.669
8602781.904		 4732620.007 	 411.519
8602785.128		 4732609.255 	 411.549
8602786.663		 4732597.303 	 411.519
8602788.199		 4732585.352 	 411.459
8602788.038		 4732572.756 	 411.309
8602787.877		 4732560.160 	 411.309
8602787.853		 4732547.443 	 411.279
8602787.965		 4732534.605 	 411.199
8602788.077		 4732521.767 	 411.109
8602788.461		 4732508.809 	 410.929
8602788.845		 4732495.852 	 410.759
8602789.410		 4732482.773 	 410.669
8602790.157		 4732469.575 	 410.459
8602790.904		 4732456.376 	 410.229
8602791.292		 4732443.171 	 409.729
8602791.679		 4732429.967 	 408.899
8602792.247		 4732416.704 	 408.609
8602792.996		 4732403.382 	 408.609
8602793.745		 4732390.060 	 408.549
8602794.043		 4732376.854 	 408.459
8602794.341		 4732363.648 	 408.459
8602794.370		 4732350.376 	 408.429
8602794.131		 4732337.039 	 408.399
8602793.892		 4732323.701 	 408.369
8602794.012		 4732310.369 	 408.279
8602794.132		 4732297.037 	 408.229
8602794.207		 4732283.704 	 408.199
8602794.238		 4732270.370 	 408.109
8602794.268		 4732257.037 	 408.309
8602794.388		 4732243.705 	 408.309
8602794.508		 4732230.373 	 408.229
8602794.628		 4732217.041 	 408.229
8602794.748		 4732203.709 	 408.259
8602794.868		 4732190.377 	 408.229
8602794.363		 4732176.788 	 408.309
8602793.858		 4732163.199 	 408.309
8602793.670		 4732149.492 	 408.339
8602793.798		 4732135.666 	 408.369
8602793.926		 4732121.840 	 408.399
8602794.055		 4732107.891 	 408.309
8602794.185		 4732093.942 	 408.199
8602793.910		 4732080.048 	 408.199
8602793.229		 4732066.209 	 408.259
8602792.549		 4732052.371 	 408.309
8602792.046		 4732038.659 	 408.369
8602786.715		 4731954.991 	 408.669
8602785.453		 4731940.958 	 408.779
8602784.145		 4731926.986 	 408.929
8602782.838		 4731913.014 	 409.019
8602781.800		 4731899.046 	 409.079
8602780.762		 4731885.079 	 409.169
8602779.903		 4731871.114 	 409.139
8602779.225		 4731857.152 	 409.199
8602778.546		 4731843.190 	 409.049
8602778.043		 4731829.478 	 409.229
8602777.540		 4731815.766 	 409.279
8602777.037		 4731802.054 	 409.339
8602776.535		 4731788.341 	 409.459
8602776.032		 4731774.629 	 409.699
8602774.087		 4731761.141 	 410.579
8602772.143		 4731747.653 	 411.489
8602769.930		 4731734.099 	 411.609
8602767.450		 4731720.479 	 411.579
8602764.969		 4731706.859 	 411.549
8602762.218		 4731693.235 	 411.639
8602759.467		 4731679.611 	 411.639
8602757.122		 4731665.932 	 411.579
8602755.181		 4731652.197 	 411.609
8602753.241		 4731638.462 	 411.579
8602752.205		 4731624.371 	 411.579
8602751.169		 4731610.279 	 411.729
8602754.948		 4731598.548 	 411.699
8602763.541		 4731589.177 	 411.699
8602772.135		 4731579.806 	 411.669
8602784.182		 4731579.378 	 411.639
8602796.230		 4731578.951 	 411.579
8602805.088		 4731584.152 	 411.579
8602810.758		 4731594.983 	 411.609
8602816.428		 4731605.813 	 411.609
8602818.817		 4731619.555 	 411.639
8602821.207		 4731633.297 	 411.639
8602822.830		 4731647.150 	 411.699
8602823.689		 4731661.115 	 411.549
8602824.547		 4731675.080 	 411.639
8602825.042		 4731689.286 	 411.429
8602825.537		 4731703.492 	 411.139
8602825.627		 4731717.753 	 410.959
8602825.312		 4731732.070 	 410.519
8602824.996		 4731746.386 	 410.079
8602825.675		 4731760.348 	 409.729
8602826.354		 4731774.310 	 409.489
8602826.898		 4731788.270 	 409.339
8602827.307		 4731802.227 	 409.259
8602827.716		 4731816.185 	 409.199
8602828.481		 4731830.395 	 409.169
8602829.245		 4731844.606 	 409.139
8602829.965		 4731858.815 	 409.109
8602830.639		 4731873.024 	 409.049
8602831.314		 4731887.233 	 408.989
8602831.272		 4731901.307 	 408.929
8602831.230		 4731915.381 	 408.809
8602831.141		 4731929.578 	 408.729
8602831.005		 4731943.898 	 408.579
8602830.869		 4731958.217 	 408.489
8602830.197		 4731972.405 	 408.399
8602829.524		 4731986.592 	 408.369
8602828.718		 4732000.716 	 408.369
8602827.777		 4732014.776 	 408.279
8602826.837		 4732028.836 	 408.259
8602825.719		 4732042.770 	 408.109
8602824.601		 4732056.703 	 408.199
8602823.754		 4732070.518 	 408.199
8602823.179		 4732084.213 	 408.279
8602822.604		 4732097.908 	 408.339
8602822.562		 4732111.982 	 408.339
8602822.520		 4732126.056 	 408.339
8602822.251		 4732140.312 	 408.309
8602821.754		 4732154.749 	 408.309
8602821.257		 4732169.186 	 408.279
8602820.219		 4732183.739 	 408.309
8602819.182		 4732198.291 	 408.229
8602818.144		 4732212.843 	 408.259
8602817.106		 4732227.395 	 408.339
8602816.068		 4732241.947 	 408.229
8602814.763		 4732256.372 	 408.229
8602813.458		 4732270.797 	 408.339
8602812.286		 4732285.285 	 408.399
8602811.248		 4732299.837 	 408.459
8602810.210		 4732314.389 	 408.459
8602808.546		 4732328.808 	 408.459
8602806.881		 4732343.228 	 408.519
8602805.622		 4732357.591 	 408.549
8602804.767		 4732371.899 	 408.639
8602803.913		 4732386.207 	 408.699
8602803.059		 4732400.516 	 408.959
8602802.205		 4732414.824 	 409.699
8602801.486		 4732429.073 	 410.259
8602800.903		 4732443.261 	 410.609
8602800.320		 4732457.450 	 410.699
8602798.837		 4732471.749 	 410.779
8602797.354		 4732486.047 	 411.049
8602795.556		 4732500.402 	 411.199
8602793.443		 4732514.814 	 411.309
8602791.329		 4732529.226 	 411.369
8602789.213		 4732543.761 	 411.339
8602787.098		 4732558.297 	 411.459
8602785.116		 4732572.896 	 411.579
8602783.268		 4732587.558 	 411.519
8602781.420		 4732602.221 	 411.669
8602779.849		 4732616.395 	 411.759
8602863.897		 4732462.341 	 410.489
8602865.506		 4732457.119 	 410.519
8602867.025		 4732451.957 	 410.429
8602868.544		 4732446.796 	 410.309
8602870.262		 4732440.403 	 410.079
8602871.980		 4732434.010 	 409.869
8602873.549		 4732425.639 	 409.779
8602874.970		 4732415.291 	 409.699
8602876.391		 4732404.942 	 409.519
8602878.200		 4732392.748 	 409.399
8602880.009		 4732380.554 	 409.369
8602881.867		 4732368.175 	 409.279
8602883.772		 4732355.612 	 409.199
8602885.677		 4732343.049 	 409.199
8602887.492		 4732330.484 	 409.199
8602889.307		 4732317.919 	 409.199
8602891.078		 4732305.354 	 409.049
8602892.803		 4732292.788 	 409.049
8602894.529		 4732280.222 	 408.959
8602895.087		 4732267.637 	 408.729
8602895.644		 4732255.053 	 408.369
8602896.432		 4732242.102 	 408.259
8602897.451		 4732228.784 	 408.229
8602898.469		 4732215.467 	 408.169
8602899.757		 4732202.153 	 408.139
8602901.045		 4732188.840 	 408.229
8602902.423		 4732175.527 	 408.259
8602903.890		 4732162.217 	 408.279
8602905.358		 4732148.906 	 408.259
8602907.097		 4732135.476 	 408.199
8602908.836		 4732122.046 	 408.229
8602910.214		 4732108.733 	 408.199
8602911.231		 4732095.539 	 408.229
8602912.248		 4732082.344 	 408.109
8602913.175		 4732069.148 	 408.169
8602914.102		 4732055.953 	 408.139
8602914.895		 4732042.693 	 408.109
8602915.554		 4732029.369 	 408.169
8602916.213		 4732016.046 	 408.199
8602915.974		 4732002.708 	 408.279
8602915.734		 4731989.371 	 408.489
8602915.271		 4731976.030 	 408.519
8602914.583		 4731962.685 	 408.639
8602913.895		 4731949.340 	 408.669
8602913.748		 4731935.880 	 408.639
8602913.600		 4731922.420 	 408.699
8602913.452		 4731909.022 	 408.779
8602913.303		 4731895.685 	 408.809
8602913.154		 4731882.349 	 408.869
8602913.274		 4731869.017 	 409.109
8602913.395		 4731855.685 	 409.279
8602913.606		 4731842.293 	 409.429
8602913.908		 4731828.840 	 409.459
8602914.210		 4731815.388 	 409.729
8602914.692		 4731801.938 	 409.869
8602915.173		 4731788.488 	 410.079
8602915.520		 4731775.036 	 410.519
8602915.732		 4731761.582 	 410.609
8602915.944		 4731748.128 	 410.669
8602916.152		 4731734.921 	 410.779
8602916.360		 4731721.714 	 410.899
8602916.210		 4731708.439 	 411.109
8602915.701		 4731695.097 	 411.259
8602915.193		 4731681.755 	 411.309
8602914.780		 4731668.044 	 411.399
8602914.367		 4731654.333 	 411.489
8602913.819		 4731640.682 	 411.639
8602913.134		 4731627.090 	 411.639
8602912.450		 4731613.499 	 411.699
8603003.910		 4731548.704 	 410.639
8603009.512		 4731558.175 	 410.639
8603012.122		 4731569.267 	 410.729
8603011.741		 4731581.977 	 410.759
8603011.361		 4731594.688 	 410.869
8603009.801		 4731608.121 	 410.759
8603008.242		 4731621.554 	 411.049
8603006.635		 4731635.109 	 411.229
8603004.982		 4731648.787 	 411.199
8603003.328		 4731662.465 	 410.989
8603002.124		 4731676.150 	 410.869
8603000.920		 4731689.836 	 410.669
8602999.852		 4731703.461 	 410.609
8602998.919		 4731717.028 	 410.259
8602997.986		 4731730.594 	 409.959
8602997.590		 4731744.292 	 409.549
8602997.194		 4731757.990 	 409.279
8602996.530		 4731771.622 	 409.139
8602995.597		 4731785.188 	 409.019
8602994.664		 4731798.754 	 408.899
8602994.004		 4731812.078 	 408.809
8602993.345		 4731825.401 	 408.809
8602992.639		 4731838.848 	 408.699
8602991.886		 4731852.417 	 408.669
8602991.133		 4731865.986 	 408.579
8602990.288		 4731879.677 	 408.549
8602989.443		 4731893.368 	 408.459
8602988.464		 4731906.995 	 408.399
8602987.351		 4731920.559 	 408.369
8602986.239		 4731934.122 	 408.369
8602984.949		 4731947.559 	 408.369
8602983.659		 4731960.996 	 408.459
8602982.457		 4731974.558 	 408.399
8602981.342		 4731988.244 	 408.369
8602980.228		 4732001.931 	 408.339
8602978.934		 4732015.615 	 408.369
8602977.640		 4732029.299 	 408.279
8602976.211		 4732042.981 	 408.339
8602974.648		 4732056.661 	 408.339
8602973.084		 4732070.340 	 408.259
8602971.253		 4732083.892 	 408.199
8602969.422		 4732097.444 	 408.259
8602967.545		 4732111.057 	 408.759
8602965.622		 4732124.731 	 408.779
8602963.700		 4732138.405 	 408.669
8602962.316		 4732152.088 	 408.339
8602960.932		 4732165.771 	 408.169
8602959.416		 4732179.266 	 408.169
8602957.769		 4732192.574 	 408.169
8602956.122		 4732205.881 	 408.199
8602954.916		 4732219.690 	 408.259
8602953.709		 4732233.499 	 408.759
8602952.427		 4732246.442 	 408.639
8602951.068		 4732258.520 	 408.399
8602949.710		 4732270.598 	 408.259
8602949.113		 4732279.972 	 408.259
8602948.516		 4732289.346 	 408.279
8602947.627		 4732297.296 	 408.309
8602946.446		 4732303.820 	 408.279
8602945.265		 4732310.345 	 408.309
8602944.559		 4732315.272 	 408.429
8602943.852		 4732320.200 	 408.399
